45616.7 62416.7
45400 62500
45466.7 62700
45133.3 62950
45050 63133.3
44916.7 63233.3
44783.3 63150
44716.7 63233.3
44650 63266.7
44633.3 63350
44616.7 63483.3
44466.7 63600
44466.7 63716.7
44466.7 63800
44533.3 64233.3
44583.3 64066.7
44633.3 64050
44666.7 63950
44700 63883.3
44883.3 63833.3
44728.9 63664.4
44650 63600
44650 63550
44666.7 63566.7
44966.7 63516.7
45083.3 63400
45133.3 63350
45250 63466.7
45316.7 63516.7
45416.7 63600
45400 63700
45316.7 63783.3
45183.3 63716.7
45266.7 63866.7
45183.3 63883.3
45066.7 63950
44966.7 63966.7
44983.3 64133.3
45066.7 64183.3
45150 64166.7
45200 64116.7
45216.7 64016.7
45383.3 63916.7
45416.7 64033.3
45633.3 64050
45516.7 64333.3
45700 64433.3
45683.3 64383.3
45716.7 64250
45683.3 64216.7
45733.3 64216.7
45833.3 64200
45883.3 64350
46000 64550
45950 64683.3
45916.7 64650
45750 64716.7
45616.7 64783.3
45466.7 64783.3
45350 64716.7
45333.3 64766.7
45333.3 64783.3
45350 64816.7
45100 64933.3
45033.3 65066.7
45016.7 65166.7
44950 65066.7
44983.3 64900
45033.3 64833.3
45066.7 64800
45033.3 64733.3
45066.7 64633.3
45200 64616.7
45116.7 64533.3
45066.7 64500
45183.3 64450
45416.7 64550
45400 64316.7
45300 64400
45166.7 64366.7
45100 64250
45083.3 64366.7
45083.3 64400
44733.3 64450
44433.3 64366.7
44366.7 64316.7
44350 64250
44283.3 64366.7
44300 64366.7
44316.7 64416.7
44233.3 64450
44366.7 64516.7
44250 64550
44266.7 64600
44133.3 64650
44033.3 64716.7
44050 64750
43950 64816.7
43933.3 64850
43700 65116.7
43633.3 65350
43600 65466.7
43633.3 65483.3
43566.7 65566.7
43516.7 65600
43450 65633.3
43516.7 65733.3
43733.3 65966.7
43750 66116.7
43833.3 66116.7
43850 66150
43883.3 66083.3
43966.7 66133.3
44050 66166.7
44266.7 66350
44266.7 66316.7
44383.3 66216.7
44333.3 66116.7
44183.3 66150
44083.3 66033.3
43983.3 66016.7
43850 65966.7
43800 65850
43700 65783.3
43766.7 65316.7
43833.3 65066.7
44366.7 65033.3
44383.3 64966.7
44450 64850
44550 64716.7
44733.3 64700
44716.7 64800
44633.3 64850
44800 65050
44850 65150
44883.3 65166.7
44950 65266.7
44716.7 65216.7
44816.7 65516.7
44750 65516.7
44733.3 65516.7
44650 65633.3
44633.3 65650
44566.7 65633.3
44600 65750
44416.7 65983.3
44533.3 66016.7
45183.3 66333.3
45083.3 66416.7
45133.3 66583.3
45116.7 66683.3
45133.3 66816.7
45050 66900
45000 66933.3
44766.7 66750
44650 66850
44883.3 66950
45066.7 67033.3
45216.7 67133.3
45200 67266.7
45166.7 67300
45283.3 67266.7
45316.7 67200
45416.7 67183.3
45583.3 67333.3
45683.3 67183.3
45966.7 67233.3
46116.7 67150
46133.3 67183.3
46000 67466.7
45883.3 67466.7
45983.3 67600
46066.7 67683.3
46150 67566.7
46250 67683.3
46300 67516.7
46400 67483.3
46433.3 67716.7
46466.7 67566.7
46483.3 67416.7
46533.3 67166.7
46900 67383.3
46783.3 67500
46650 67583.3
46600 67733.3
46733.3 67700
46800 67716.7
47050 67733.3
47166.7 67916.7
47366.7 68333.3
47500 67383.3
47633.3 67333.3
48300 67583.3
48466.7 67433.3
48416.7 67333.3
48666.7 67333.3
48533.3 67566.7
48550 67683.3
48583.3 67833.3
48533.3 67850
48533.3 68083.3
48433.3 68150
48483.3 68433.3
48516.7 68466.7
48516.7 68333.3
48583.3 68183.3
48600 68116.7
48666.7 67983.3
48716.7 67866.7
48783.3 67700
48850 67516.7
48866.7 67450
48900 67333.3
49316.7 67600
49216.7 68150
49150 68200
49183.3 68266.7
49116.7 68383.3
48950 68650
49300 69583.3
48733.3 69066.7
48566.7 69233.3
48350 69416.7
48250 69550
48150 69716.7
48100 69733.3
48233.3 69816.7
48233.3 70183.3
47666.7 70383.3
47566.7 70400
47483.3 70383.3
47433.3 70500
47316.7 70566.7
47116.7 70333.3
47200 70266.7
47116.7 70183.3
47100 69983.3
47333.3 69983.3
47366.7 70033.3
47316.7 70150
47316.7 70183.3
47566.7 70200
47683.3 70233.3
47650 70166.7
47633.3 70150
47733.3 69983.3
47766.7 69950
47850 69883.3
47766.7 69616.7
47766.7 69483.3
47833.3 69533.3
47916.7 69500
48016.7 69333.3
48033.3 69216.7
48116.7 69166.7
47916.7 69100
48016.7 69050
48200 69016.7
48283.3 68866.7
48366.7 68700
48433.3 68583.3
48433.3 68516.7
48350 68450
47866.7 68733.3
47683.3 68883.3
47600 68800
47550 68650
47333.3 68666.7
47200 68833.3
47383.3 68900
47400 68866.7
47533.3 68916.7
47466.7 69000
47433.3 69033.3
47433.3 69050
47450 69150
47666.7 69050
47716.7 69133.3
47800 69150
47700 69283.3
47450 69216.7
47483.3 69283.3
47433.3 69416.7
47550 69416.7
47616.7 69633.3
47683.3 69633.3
47666.7 69733.3
47600 69733.3
47600 69800
47516.7 69816.7
47500 69933.3
47416.7 69950
47433.3 69883.3
47450 69883.3
47450 69750
47333.3 69683.3
46950 69783.3
46850 69900
46683.3 70016.7
46800 70200
46483.3 70200
46400 70500
46483.3 70616.7
46683.3 70450
46733.3 70366.7
46750 70583.3
46966.7 70550
46933.3 70733.3
47000 70816.7
47133.3 70766.7
47116.7 70850
47050 70850
47050 70883.3
47016.7 70933.3
46966.7 70950
46966.7 71016.7
46900 71133.3
46883.3 71150
46883.3 71166.7
46833.3 71166.7
46850 71183.3
46866.7 71266.7
46883.3 71283.3
46850 71350
46850 71366.7
46866.7 71366.7
46983.3 71366.7
46933.3 71466.7
46883.3 71516.7
46866.7 71433.3
46783.3 71383.3
46800 71316.7
46783.3 71300
46816.7 71250
46800 71250
46750 71266.7
46733.3 71266.7
46716.7 71266.7
46750 71233.3
46766.7 71250
46783.3 71200
46816.7 71200
46800 71166.7
46683.3 71066.7
46766.7 70950
46866.7 70916.7
46833.3 70850
46883.3 70816.7
46783.3 70750
46716.7 70716.7
46650 70800
46533.3 70766.7
46600 70850
46616.7 70966.7
46566.7 70983.3
46516.7 71066.7
46433.3 71016.7
46366.7 71233.3
46650 71300
46750 71350
46700 71400
46566.7 71433.3
46466.7 71516.7
46366.7 71616.7
46216.7 71766.7
46250 71516.7
46216.7 71383.3
46033.3 71366.7
46083.3 71300
46133.3 71216.7
46216.7 71083.3
46266.7 71000
46366.7 70916.7
46300 70866.7
46200 70766.7
46200 70483.3
46133.3 70366.7
46050 70516.7
46116.7 70666.7
46116.7 70683.3
45966.7 70950
45850 70650
45750 70700
45583.3 70883.3
45466.7 70850
45383.3 70866.7
45533.3 71283.3
45266.7 71516.7
45200 71500
45133.3 71800
45016.7 72083.3
45000 72100
45016.7 72150
45166.7 72033.3
45266.7 72150
45283.3 72116.7
45400 72033.3
45466.7 71933.3
45400 71900
45283.3 71883.3
45366.7 71866.7
45450 71766.7
45416.7 71616.7
45483.3 71666.7
45616.7 71616.7
45700 71450
45766.7 71416.7
45833.3 71383.3
45900 71350
45900 71650
45833.3 71666.7
45966.7 71816.7
46033.3 71916.7
46166.7 71883.3
46050 71966.7
45950 71983.3
45800 71900
45783.3 71933.3
45783.3 72016.7
45583.3 72000
45666.7 72150
45483.3 72316.7
45300 72266.7
45300 72316.7
45216.7 72516.7
45350 72516.7
45416.7 72583.3
45483.3 72600
45633.3 72566.7
45833.3 72566.7
45900 72516.7
45883.3 72483.3
45933.3 72433.3
45966.7 72383.3
46166.7 72233.3
46216.7 72433.3
46183.3 72500
46216.7 72600
46283.3 72683.3
46350 72550
46316.7 72516.7
46366.7 72500
46333.3 72433.3
46300 72266.7
46366.7 72016.7
46416.7 71933.3
46383.3 71883.3
46566.7 71833.3
46616.7 71733.3
46666.7 71733.3
46683.3 71716.7
46750 71700
46583.3 71616.7
46650 71566.7
46700 71583.3
46850 71616.7
46883.3 71833.3
46750 71816.7
46683.3 71883.3
46633.3 71916.7
46616.7 71933.3
46683.3 72033.3
46583.3 72050
46566.7 72000
46483.3 72033.3
46550 72100
46550 72116.7
46583.3 72183.3
46500 72250
46433.3 72350
46533.3 72350
46550 72466.7
46466.7 72533.3
46483.3 72666.7
46550 72733.3
46533.3 72750
46516.7 72750
46283.3 72833.3
46066.7 72800
46066.7 72833.3
46000 72916.7
45883.3 72766.7
45766.7 72983.3
45650 72900
45633.3 72933.3
45616.7 72950
45500 72900
45400 73000
45433.3 72883.3
45383.3 72733.3
45100 72616.7
45200 72750
45283.3 72966.7
45116.7 72983.3
45133.3 73283.3
45083.3 73366.7
45183.3 73400
45216.7 73300
45300 73250
45316.7 73233.3
45433.3 73166.7
45533.3 73166.7
45566.7 73200
45550 73233.3
45533.3 73216.7
45450 73266.7
45450 73300
45533.3 73350
45533.3 73483.3
45650 73483.3
45683.3 73433.3
45733.3 73450
45816.7 73433.3
45750 73483.3
45716.7 73483.3
45666.7 73566.7
45633.3 73516.7
45600 73533.3
45583.3 73516.7
45533.3 73516.7
45500 73500
45500 73483.3
45483.3 73500
45466.7 73466.7
45450 73483.3
45416.7 73500
45350 73466.7
45383.3 73516.7
45366.7 73550
45400 73583.3
45450 73566.7
45450 73583.3
45483.3 73600
45500 73583.3
45516.7 73616.7
45566.7 73616.7
45583.3 73600
45600 73616.7
45566.7 73650
45616.7 73650
45683.3 73633.3
45700 73783.3
45633.3 73850
45633.3 73816.7
45616.7 73783.3
45650 73766.7
45616.7 73750
45600 73733.3
45550 73733.3
45533.3 73716.7
45533.3 73700
45550 73700
45550 73666.7
45516.7 73666.7
45516.7 73650
45450 73666.7
45450 73650
45433.3 73650
45416.7 73650
45416.7 73666.7
45416.7 73683.3
45433.3 73750
45450 73750
45450 73850
45433.3 73833.3
45383.3 73750
45366.7 73750
45250 73600
45050 73600
45100 73750
45183.3 73850
45200 73866.7
45233.3 73800
45333.3 73816.7
45316.7 73850
45316.7 73866.7
45316.7 73933.3
45400 73933.3
45400 73916.7
45466.7 73883.3
45483.3 73900
45483.3 73866.7
45500 73816.7
45533.3 73816.7
45566.7 73850
45550 73866.7
45533.3 73883.3
45566.7 73900
45500 73966.7
45500 74033.3
45433.3 73966.7
45366.7 73983.3
45383.3 74016.7
45400 74033.3
45316.7 74050
45283.3 74050
45250 74133.3
45166.7 74133.3
45133.3 74000
45083.3 74183.3
45266.7 74233.3
45283.3 74233.3
45233.3 74250
45133.3 74350
45016.7 74366.7
45016.7 74400
45133.3 74483.3
45133.3 74500
45016.7 74733.3
45033.3 74900
45283.3 74850
45300 74633.3
45350 74500
45516.7 74650
45616.7 74600
45633.3 74600
45616.7 74683.3
45550 74866.7
45650 74933.3
45616.7 75016.7
45716.7 75050
45783.3 75100
45583.3 75233.3
45533.3 75283.3
45583.3 75416.7
45550 75416.7
45450 75250
45450 75066.7
45300 75083.3
45333.3 75250
45100 75350
45100 75216.7
45133.3 75083.3
45000 75000
44950 75066.7
44900 75183.3
44850 75316.7
44783.3 75366.7
44716.7 75516.7
44650 75650
44583.3 75683.3
44633.3 75850
44683.3 75966.7
44433.3 75950
44366.7 75933.3
44333.3 76166.7
44333.3 76333.3
44233.3 76483.3
44216.7 76533.3
44233.3 76616.7
44300 76566.7
44366.7 76516.7
44366.7 76766.7
44333.3 76866.7
44216.7 76866.7
44200 76750
44183.3 76766.7
44150 76766.7
44050 76933.3
44016.7 77150
44000 77233.3
43950 77350
44083.3 77366.7
44166.7 77383.3
44216.7 77366.7
44200 77033.3
44233.3 77033.3
44250 76950
44383.3 77016.7
44466.7 76983.3
44466.7 76883.3
44483.3 76683.3
44650 76716.7
44666.7 76683.3
44766.7 76683.3
44733.3 76850
44650 77116.7
44516.7 77216.7
44633.3 77283.3
44666.7 77333.3
44550 77333.3
44466.7 77300
44433.3 77450
44516.7 77483.3
44650 77550
44816.7 77616.7
44983.3 77733.3
45116.7 77866.7
45050 77850
44850 77833.3
44750 78083.3
44433.3 77883.3
44533.3 77783.3
44483.3 77683.3
44516.7 77616.7
44433.3 77616.7
44300 77600
44300 77550
44200 77600
44100 77583.3
44033.3 77733.3
44016.7 77883.3
44250 77816.7
44300 77800
44300 77950
44383.3 77983.3
44383.3 78200
44250 78166.7
44133.3 78183.3
43966.7 78166.7
43950 78300
44066.7 78366.7
44300 78333.3
44433.3 78266.7
44550 78333.3
44533.3 78550
44450 78633.3
44300 78550
44150 78450
44183.3 78566.7
44100 78633.3
44133.3 78666.7
44050 78800
44016.7 78716.7
43916.7 78583.3
43900 78683.3
43900 78866.7
43866.7 78933.3
43850 79016.7
43866.7 79033.3
44016.7 78966.7
44100 78933.3
44100 79116.7
43966.7 79250
43866.7 79266.7
43783.3 79266.7
43783.3 79250
43750 79200
43733.3 79250
43716.7 79250
43733.3 79333.3
43700 79366.7
43866.7 79433.3
43800 79416.7
43783.3 79416.7
43750 79416.7
43700 79416.7
43666.7 79416.7
43633.3 79466.7
43716.7 79483.3
43700 79500
43716.7 79566.7
43700 79566.7
43600 79500
43583.3 79533.3
43550 79583.3
43516.7 79616.7
43433.3 79666.7
43533.3 79650
43583.3 79716.7
43683.3 79766.7
43700 79633.3
43783.3 79600
43883.3 79733.3
43933.3 79533.3
44000 79466.7
44050 79450
44116.7 79566.7
44250 79583.3
44266.7 79550
44250 79466.7
44300 79366.7
44316.7 79200
44433.3 79150
44416.7 79000
44350 79033.3
44233.3 79050
44350 78733.3
44533.3 78750
44666.7 78800
44783.3 78650
44933.3 78733.3
44716.7 78933.3
44600 78933.3
44650 79033.3
44550 79183.3
44650 79266.7
44600 79366.7
44600 79416.7
44500 79466.7
44516.7 79616.7
44450 79733.3
44383.3 79700
44350 79783.3
44316.7 79883.3
44283.3 79916.7
44266.7 79883.3
44150 79866.7
44016.7 79800
43866.7 79866.7
43866.7 80000
43916.7 80083.3
44066.7 80200
44166.7 80383.3
44250 80550
44316.7 80533.3
44316.7 80650
44183.3 80816.7
43966.7 80733.3
43833.3 80533.3
43900 80316.7
43700 80366.7
43683.3 80433.3
43616.7 80583.3
43600 80550
43483.3 80483.3
43450 80500
43466.7 80533.3
43400 80666.7
43383.3 80716.7
43233.3 80550
43283.3 80450
43200 80383.3
43133.3 80266.7
43100 80233.3
43350 80300
43383.3 80316.7
43400 80350
43433.3 80316.7
43550 80250
43766.7 80066.7
43783.3 79933.3
43633.3 80033.3
43650 79933.3
43516.7 79883.3
43333.3 79883.3
43266.7 79933.3
43250 79833.3
43316.7 79800
43200 79550
43100 79533.3
43150 79500
43166.7 79466.7
43200 79266.7
43166.7 79233.3
43216.7 79216.7
43250 79066.7
43166.7 79050
43100 79050
42900 78933.3
43083.3 79050
43133.3 79100
43116.7 79200
43033.3 79283.3
42983.3 79250
42883.3 79233.3
42866.7 79566.7
42900 79616.7
42966.7 79750
43216.7 79750
43066.7 79950
42950 80050
42800 80066.7
42783.3 80200
42933.3 80283.3
42833.3 80300
42633.3 80450
42850 80500
42983.3 80600
42866.7 80733.3
42650 80816.7
42700 81083.3
42783.3 81183.3
42666.7 81216.7
42716.7 81300
42600 81600
42566.7 81683.3
42433.3 81883.3
42250 81916.7
42333.3 82000
42400 82183.3
42250 82433.3
42100 82450
42050 82583.3
41966.7 82533.3
41800 82650
42033.3 82750
42133.3 82750
42166.7 82816.7
42033.3 82916.7
41983.3 82933.3
42150 82966.7
42100 83100
42283.3 83066.7
42300 83066.7
42333.3 83033.3
42316.7 83000
42316.7 82983.3
42333.3 82950
42316.7 82900
42316.7 82850
42300 82716.7
42233.3 82550
42583.3 82366.7
42716.7 82483.3
42816.7 82466.7
42850 82466.7
42966.7 82400
43000 82400
43100 82000
42950 82116.7
42883.3 82150
42583.3 82166.7
42550 81966.7
42750 81700
42950 81883.3
43166.7 81850
43166.7 81683.3
43316.7 81750
43300 81550
43283.3 81466.7
43350 81483.3
43433.3 81500
43600 81533.3
43566.7 81700
43733.3 81700
44166.7 81633.3
44066.7 81583.3
43950 81516.7
43550 81383.3
43283.3 81250
43183.3 81400
43116.7 81433.3
43033.3 81466.7
42950 81616.7
42816.7 81433.3
42983.3 81250
42783.3 80983.3
43033.3 80883.3
43133.3 80750
43316.7 80833.3
43333.3 80916.7
43366.7 80983.3
43333.3 81050
43250 81133.3
43466.7 81183.3
43516.7 81166.7
43566.7 80933.3
43733.3 80966.7
43833.3 80850
43916.7 80883.3
44050 80933.3
44150 81033.3
44133.3 81150
44083.3 81133.3
44033.3 81116.7
43933.3 81250
43883.3 81300
43983.3 81283.3
44200 81233.3
44300 81100
44300 81283.3
44433.3 81383.3
44500 81366.7
44533.3 81166.7
44600 81133.3
44733.3 81133.3
45250 81666.7
45166.7 81333.3
44983.3 81250
44633.3 80950
44450 80883.3
44566.7 80850
44566.7 80800
44600 80583.3
44550 80450
44500 80216.7
44316.7 80100
44416.7 80083.3
44583.3 79866.7
44683.3 79883.3
44766.7 79933.3
44750 79900
44716.7 79816.7
44750 79816.7
44750 79766.7
44750 79700
44800 79716.7
45016.7 79616.7
44983.3 79566.7
44850 79500
44750 79333.3
44766.7 79333.3
44916.7 79366.7
45000 79300
45033.3 79300
45050 79400
45216.7 79333.3
45333.3 79216.7
45233.3 78883.3
45066.7 78900
45050 78800
45033.3 78516.7
44900 78383.3
45033.3 78216.7
45066.7 78083.3
45233.3 77933.3
45300 78033.3
45400 78083.3
45500 78233.3
45500 78000
45483.3 77683.3
45366.7 77616.7
45550 77416.7
45583.3 77250
45533.3 77100
45450 77316.7
45216.7 77400
45150 77250
45250 77116.7
45366.7 76983.3
45016.7 76833.3
44933.3 76683.3
45033.3 76700
45300 76716.7
45466.7 76683.3
45566.7 76766.7
45616.7 76883.3
45733.3 76850
45733.3 76600
45850 76750
45916.7 76916.7
45816.7 77116.7
45900 77283.3
46016.7 77450
46100 77500
46166.7 77566.7
46133.3 77700
46216.7 77883.3
46216.7 78066.7
46250 78283.3
46033.3 78466.7
45616.7 78400
45550 78600
45633.3 78816.7
46083.3 78883.3
46066.7 79116.7
45850 79366.7
45766.7 79400
45600 79100
45450 79250
45516.7 79300
45533.3 79316.7
45483.3 79466.7
45616.7 79416.7
45950 79600
45983.3 79366.7
46066.7 79350
46216.7 79366.7
46300 79450
46333.3 79416.7
46266.7 79033.3
46333.3 78833.3
46316.7 78700
46633.3 79016.7
46766.7 78983.3
46716.7 79083.3
46716.7 79100
46566.7 79416.7
46816.7 79583.3
47033.3 79266.7
47183.3 79316.7
47200 79366.7
47283.3 79333.3
47416.7 79283.3
47550 79233.3
47933.3 79250
47466.7 79433.3
47450 79433.3
47333.3 79433.3
47433.3 79633.3
47500 79666.7
47383.3 79683.3
47333.3 79800
47283.3 79716.7
47066.7 79783.3
46900 79633.3
46516.7 80033.3
46400 80116.7
46450 79883.3
46366.7 79933.3
45916.7 79983.3
45666.7 79633.3
45383.3 79783.3
45133.3 79766.7
45300 79933.3
45333.3 80033.3
45316.7 80083.3
45416.7 80100
45633.3 80083.3
45516.7 80283.3
45600 80366.7
45766.7 80550
45783.3 80533.3
45883.3 80533.3
45883.3 80733.3
45983.3 80716.7
46166.7 80700
46033.3 80600
46133.3 80433.3
46350 80416.7
46433.3 80300
46583.3 80183.3
46633.3 80433.3
46483.3 80533.3
46666.7 80750
46816.7 80950
46850 81016.7
46700 80916.7
46566.7 80816.7
46566.7 80866.7
46500 80966.7
46483.3 80850
46383.3 80816.7
46300 80800
46233.3 80866.7
46466.7 81066.7
46450 81166.7
46433.3 81150
46400 81166.7
46366.7 81316.7
46583.3 81200
46633.3 81383.3
46700 81550
46366.7 81516.7
46100 81716.7
46250 81766.7
46266.7 81883.3
46200 82083.3
45966.7 81933.3
46050 81783.3
45733.3 81800
45650 81983.3
45550 82016.7
45900 82250
45816.7 82583.3
45916.7 82466.7
46183.3 82333.3
46383.3 82650
46200 82666.7
46183.3 82950
45900 82833.3
45916.7 83116.7
46200 83150
46233.3 83333.3
46250 83550
46283.3 83783.3
46250 83883.3
46333.3 83933.3
46283.3 84033.3
46483.3 84066.7
46550 84150
46783.3 84050
46716.7 84133.3
46500 84333.3
46900 84600
47333.3 84550
47833.3 83400
47900 83183.3
47716.7 83200
47583.3 82766.7
47433.3 82333.3
47300 82100
47100 81933.3
47250 81466.7
47416.7 81533.3
47666.7 81716.7
48083.3 82100
48133.3 82266.7
48250 82433.3
48516.7 82916.7
48600 83350
47950 83783.3
48100 83916.7
48116.7 84066.7
48150 84033.3
48300 84083.3
48350 84266.7
48466.7 84416.7
48250 84533.3
48083.3 84550
48000 84783.3
47950 84916.7
48483.3 84950
48583.3 85283.3
48683.3 85650
48650 86283.3
48716.7 86383.3
48750 86366.7
49133.3 85800
49216.7 84783.3
50016.7 85216.7
49616.7 86150
49783.3 86550
50183.3 86700
50233.3 86950
50250 87216.7
49716.7 86966.7
49700 86950
48800 86966.7
48783.3 87100
48800 87266.7
48833.3 87516.7
48900 87683.3
49016.7 88250
48950 88283.3
48900 88350
48750 88583.3
48850 88483.3
49133.3 88333.3
49366.7 88133.3
49433.3 88116.7
49600 87950
49666.7 87650
49683.3 87516.7
50233.3 87666.7
50250 87900
50233.3 88050
49816.7 89100
50283.3 89450
50300 89033.3
50300 88533.3
50316.7 88416.7
51550 87983.3
52216.7 87883.3
53816.7 89883.3
52950 89883.3
51500 90050
51483.3 90150
51183.3 90216.7
51133.3 90266.7
50250 89766.7
50233.3 90200
50233.3 90716.7
50933.3 91383.3
51716.7 91800
52583.3 91533.3
52950 91333.3
52766.7 90783.3
53933.3 90983.3
55850 92083.3
57000 92283.3
57066.7 92583.3
54666.7 94133.3
54950 95266.7
53966.7 94766.7
53733.3 93666.7
53266.7 93566.7
53033.3 93233.3
52833.3 93633.3
52616.7 94066.7
52100 94300
51816.7 94000
51083.3 93833.3
51033.3 93833.3
50966.7 93916.7
50633.3 93166.7
51100 92750
51216.7 92783.3
51266.7 92683.3
51466.7 92350
50316.7 92283.3
50083.3 92166.7
49983.3 92300
50016.7 92933.3
49950 93416.7
49983.3 93616.7
49850 93383.3
49783.3 93183.3
49800 93083.3
49816.7 92983.3
49783.3 92833.3
49766.7 92700
49716.7 92600
49700 92500
49616.7 92316.7
49416.7 91666.7
50100 91916.7
50066.7 91750
50166.7 91533.3
50166.7 91450
49833.3 91333.3
49650 91000
49416.7 90916.7
49250 90566.7
49050 90466.7
49083.3 90283.3
48950 90250
48833.3 89916.7
48533.3 89583.3
48550 88966.7
48633.3 88766.7
48566.7 88733.3
48333.3 88816.7
48400 89233.3
48416.7 89616.7
48250 89883.3
48583.3 89900
48600 89983.3
48633.3 90066.7
48666.7 90250
48650 90433.3
48716.7 90733.3
48733.3 90933.3
48750 91200
48750 91616.7
48833.3 91666.7
48733.3 92083.3
48750 92283.3
48766.7 92616.7
48766.7 92833.3
48616.7 93416.7
48616.7 93533.3
48683.3 93650
48616.7 93833.3
48650 93983.3
48800 93983.3
48850 93916.7
48866.7 94166.7
48700 94300
48716.7 94566.7
48933.3 94383.3
49100 94316.7
49800 93983.3
49766.7 94466.7
49766.7 94550
49983.3 94650
49933.3 94983.3
49800 95116.7
49616.7 95183.3
49733.3 95200
49883.3 95416.7
49850 95550
49666.7 95900
49633.3 95716.7
49616.7 95616.7
49016.7 95433.3
49033.3 95650
49033.3 95766.7
49100 95833.3
49183.3 95966.7
49066.7 95966.7
49083.3 96133.3
49100 96266.7
49250 96050
49283.3 96150
49316.7 96300
49433.3 96383.3
49650 96450
49750 96433.3
49866.7 96466.7
50066.7 96516.7
50083.3 96666.7
49716.7 96733.3
49666.7 96666.7
49516.7 96683.3
49083.3 96700
49066.7 97016.7
49000 97200
49133.3 97150
49350 97050
49500 97050
49600 97316.7
49533.3 97366.7
49350 97366.7
49516.7 97700
49200 97550
49100 97566.7
49000 97550
49183.3 97766.7
49183.3 97933.3
49183.3 98100
49366.7 98250
49366.7 97950
49500 98000
49666.7 98000
50083.3 97866.7
50416.7 97950
50500 98033.3
50383.3 98666.7
50133.3 98566.7
50183.3 98316.7
49966.7 98300
50066.7 98450
49966.7 98766.7
49950 98933.3
49550 99083.3
49550 99283.3
49583.3 99450
49516.7 99683.3
49400 99633.3
49416.7 99450
49383.3 99233.3
49366.7 99116.7
49400 98800
49633.3 98700
49533.3 98550
49233.3 98533.3
49200 98900
49133.3 98950
49216.7 99333.3
49083.3 99333.3
49133.3 99466.7
49183.3 99666.7
49216.7 99883.3
49233.3 100050
49400 100017
49433.3 100267
49183.3 100500
49100 100600
49100 100800
49083.3 100983
49050 101167
49183.3 101250
49266.7 100983
49383.3 100967
49316.7 100850
49250 100750
49383.3 100667
49483.3 100517
49616.7 100250
49833.3 100133
49966.7 100100
49833.3 99950
49866.7 99916.7
49966.7 99950
50250 99833.3
50116.7 100033
50033.3 100217
49816.7 100300
49766.7 100467
49766.7 100633
49983.3 100533
49950 100750
50133.3 100767
50183.3 100600
50350 100200
50533.3 100317
50400 100400
50433.3 100583
50566.7 100583
50666.7 100817
51133.3 100483
51166.7 100700
51216.7 101150
50950 101233
50783.3 101283
50616.7 101283
50750 101433
50833.3 101700
50600 101683
50383.3 101700
50450 101300
50433.3 101050
50266.7 101033
50133.3 101033
49916.7 101083
49850 100933
49716.7 100967
49550 100950
49550 101083
49733.3 101233
49966.7 101250
50016.7 101367
50066.7 101517
50150 101667
49833.3 101533
49783.3 101667
49733.3 101783
49566.7 101700
49383.3 101867
49383.3 101717
49166.7 101450
49166.7 101783
49216.7 102167
49000 102267
49000 102550
49200 102417
49266.7 102283
49600 102083
49633.3 102267
49833.3 102283
49900 102017
49883.3 101833
49966.7 101967
50250 101967
50333.3 102250
50050 102283
50016.7 102350
49633.3 102483
49633.3 102667
49850 102950
49683.3 103017
49383.3 102750
49150 102800
49150 103000
49316.7 103250
49133.3 103317
49133.3 103483
49183.3 103667
49400 103700
49400 103400
49666.7 103433
49783.3 103667
49883.3 103433
50216.7 103450
50483.3 103433
50533.3 103667
50533.3 103867
50100 103867
49883.3 103867
49816.7 104150
49633.3 104217
49666.7 103850
49250 103817
49133.3 103800
49133.3 104183
49366.7 104067
49466.7 104283
49633.3 104467
49450 104600
49083.3 104467
49166.7 104583
49166.7 104600
49400 105117
49300 105417
49100 105167
49066.7 105383
49183.3 105600
49400 105633
49516.7 105617
49183.3 105950
49100 106367
49366.7 106383
49466.7 106350
49650 106267
49883.3 106550
49700 106567
49416.7 106683
49666.7 106850
49666.7 107000
49416.7 107067
49233.3 107733
49150 107800
49183.3 108083
49200 108383
49200 108400
49650 108417
49600 108717
49516.7 108817
49200 108733
49116.7 109267
49366.7 109267
49216.7 109800
49066.7 110450
49400 110700
49200 110867
49483.3 111100
49883.3 111050
49866.7 110900
49966.7 110583
50033.3 110683
50083.3 110783
50216.7 111167
50250 111183
50283.3 111350
49866.7 111367
49483.3 111433
49000 111950
49133.3 112083
49283.3 112200
49516.7 112183
49416.7 112383
49516.7 112517
49466.7 112667
49416.7 112883
49033.3 113033
49283.3 113183
49200 113317
49016.7 113383
49133.3 113600
49050 113917
49566.7 114067
49516.7 113950
49483.3 113950
49550 113767
49366.7 113517
49733.3 113400
50033.3 113583
50250 113667
50350 113767
50450 113850
50583.3 113867
50716.7 113967
50700 114233
50683.3 114267
51200 114450
51066.7 114550
51166.7 114850
51100 115067
51100 115350
51166.7 115567
51266.7 115917
50900 116367
50816.7 116283
50616.7 116100
50516.7 116033
50500 116033
50466.7 115967
50316.7 115867
50150 115833
49900 115767
49766.7 115717
49683.3 115983
49633.3 115950
49516.7 115767
49616.7 115633
49466.7 115450
49416.7 115400
49500 115067
49583.3 114967
49733.3 114850
49633.3 114500
49600 114433
49583.3 114367
49516.7 114650
49483.3 114983
49300 115117
49066.7 115183
49000 115167
49283.3 115833
49083.3 116100
49150 116333
49100 116517
49250 116617
49250 116683
49466.7 116767
49616.7 116800
49766.7 116850
49916.7 116917
49633.3 116967
49616.7 116950
49483.3 117283
49200 117283
49116.7 117550
49283.3 117617
49283.3 117650
49316.7 117667
49100 117717
49083.3 117817
49016.7 118217
49050 118467
49150 118567
49133.3 118683
49016.7 118783
49066.7 118983
49500 119133
49033.3 119467
49183.3 119550
49200 119817
49350 120083
49316.7 120533
49450 120500
49550 120750
49766.7 120767
49883.3 120633
49716.7 120133
49766.7 119750
49600 119667
49500 119583
49866.7 119400
49900 119483
50116.7 119383
50233.3 119367
50366.7 119350
50266.7 119267
50250 118967
50383.3 118783
50233.3 118617
50883.3 118100
51000 118183
51133.3 117867
50733.3 117733
50700 117917
50516.7 117900
50433.3 117900
50233.3 117800
49883.3 118083
49883.3 118117
49783.3 118133
49566.7 117650
49433.3 117550
49433.3 117533
49766.7 117467
49983.3 117367
50150 116983
50183.3 116933
50316.7 116950
50416.7 117133
50516.7 117283
50633.3 117533
50683.3 117483
51266.7 117517
51483.3 117483
51516.7 117417
51433.3 117050
51300 116967
51150 116767
51066.7 116650
51216.7 116617
51400 116483
51450 116300
51433.3 116183
52466.7 116083
52466.7 115783
52416.7 115283
52366.7 115067
52366.7 114917
53216.7 114983
53516.7 114967
53566.7 114717
53516.7 114333
53816.7 114667
54116.7 114400
54150 114233
54083.3 114233
54033.3 114133
53950 113900
53700 114100
53700 114183
53533.3 114000
53533.3 113917
53366.7 113733
53333.3 113533
53266.7 113533
53183.3 113517
53083.3 113467
53250 113783
53200 114183
53116.7 114483
52966.7 114433
52850 114367
52750 114283
52633.3 114217
52466.7 114050
52300 114083
52300 114283
52383.3 114600
52083.3 114750
51700 114633
51550 114467
51466.7 114383
51433.3 114033
51533.3 114100
51666.7 114133
51816.7 114367
51783.3 114100
51916.7 114033
52033.3 113950
52133.3 113867
52266.7 113800
52383.3 113800
52466.7 113733
52333.3 113533
52483.3 113450
52683.3 113567
52833.3 113450
52966.7 113383
53000 113050
53200 113050
53016.7 112817
52766.7 112967
52583.3 112967
52400 113183
52200 113233
52116.7 113200
51833.3 113233
51866.7 113600
51800 113600
51650 113550
51500 113500
51383.3 113533
51500 113333
51700 113267
51466.7 112967
51300 112950
51116.7 112983
51150 113333
51016.7 113533
51216.7 113650
51316.7 113617
51266.7 114017
51216.7 114017
51083.3 114083
51083.3 114167
51066.7 114167
50916.7 114067
51033.3 113967
50950 113917
50600 113617
50466.7 113433
50850 113467
50716.7 113317
50866.7 113050
50716.7 112983
50566.7 112883
50400 113250
50216.7 113150
49983.3 113083
49883.3 113050
49800 113117
49700 112833
49733.3 112617
49766.7 112450
49783.3 112150
49500 111800
49833.3 111700
49933.3 111700
49816.7 111900
50066.7 112100
50266.7 112033
50066.7 112250
50166.7 112417
49966.7 112550
50350 112633
50633.3 112700
50816.7 112667
51033.3 112683
50783.3 112467
50950 112183
51133.3 112083
51283.3 112317
51333.3 112483
51583.3 112533
51416.7 112633
51466.7 112700
51566.7 112750
51666.7 112767
51850 112850
52033.3 112750
52133.3 112750
52266.7 112733
52333.3 112683
52450 112567
52583.3 112567
52783.3 112450
52666.7 112200
52583.3 112067
52866.7 112250
53233.3 112233
53216.7 112567
53166.7 112617
53366.7 112667
53466.7 112950
53750 112783
53700 112633
54007.2 112679
54093.1 112787
54181.7 112801
54238.6 112777
54180.8 112627
54093.3 112619
54036.7 112555
54113.1 112474
54004.7 112405
54006.9 112333
53883.3 112333
53750 112433
53600 112333
53500 112050
53466.7 111867
53416.7 111683
53716.7 111750
53783.3 111683
53833.3 112117
54143.9 112276
54143.1 112151
54116.1 111919
54036.9 111860
54296.9 111804
54356.7 111714
54472.8 111774
54445.3 112098
54595.8 111921
54759.7 111912
54771.9 111965
54887.2 111887
55175.6 111623
54995 111736
54885.8 111791
54580.6 111732
54509.2 111618
54468.9 111618
54487.2 111492
54639.4 111346
54385.6 111352
54298.6 111453
54356.7 111577
54141.9 111728
54129.7 111568
54152.8 111430
54211.9 111366
54240.6 111256
54251.1 111151
54181.4 111151
54130.3 111152
54153.3 111276
54069.2 111436
53983.3 111283
53666.7 111233
53333.3 111167
52916.7 111233
52633.3 111217
52683.3 111300
52733.3 111550
53083.3 111783
52783.3 111850
52516.7 111917
52433.3 111783
52150 111733
52216.7 111900
52283.3 112150
52300 112350
52216.7 112417
52050 112467
52050 112350
51966.7 112150
51866.7 111983
51766.7 112000
51666.7 112233
51633.3 111917
51500 111683
51416.7 111683
51283.3 111667
51100 111583
50900 111550
50700 111683
50733.3 111900
50766.7 112083
50583.3 112050
50566.7 111900
50450 111650
50733.3 111300
50750 111183
50850 110950
50800 110683
51416.7 110800
51383.3 110567
51350 110333
51150 110200
50816.7 110467
50883.3 110267
50966.7 110017
50933.3 109900
50766.7 109667
50650 109917
50483.3 110017
50333.3 110083
50416.7 109883
50466.7 109483
50216.7 109617
50033.3 109833
49950 110033
49950 110267
49433.3 109833
49916.7 109467
49983.3 109117
50066.7 108800
50316.7 108617
50100 108483
50183.3 108200
50450 108083
50600 107817
50800 107950
50983.3 108083
51200 108033
51333.3 108150
51550 107983
51800 107850
51616.7 107750
51516.7 107717
51316.7 107650
51333.3 107450
51483.3 107517
51800 107417
51883.3 107600
52050 107983
52016.7 107700
52033.3 107550
52050 107550
52066.7 107433
52250 107500
52383.3 107667
52533.3 107883
52450 108267
52366.7 108217
52116.7 108133
51966.7 108367
51700 108483
51633.3 108350
51500 108250
51483.3 108400
51016.7 108433
50883.3 108200
50616.7 108450
50450 108450
50733.3 108750
50850 109117
50883.3 109550
51216.7 109500
51433.3 109450
51466.7 109600
51616.7 109733
51433.3 109883
51366.7 109983
51666.7 109983
51683.3 110250
51866.7 110017
51883.3 109950
52150 110083
51916.7 110300
51966.7 110567
51666.7 110667
51700 110800
51783.3 111083
51533.3 111200
51583.3 111517
51850 111617
52083.3 111450
52016.7 111117
52016.7 110800
52450 110833
52750 110450
52833.3 110867
53183.3 110783
53350 110850
53583.3 110717
53766.7 110517
53883.3 110667
53900 110900
54182.2 110903
54229.7 110863
54181.4 111028
54269.4 111029
54443.6 110912
54533.3 110983
55534.7 111197
55632.5 111083
55755.8 111041
55846.1 110907
54443.9 110762
54395.6 110654
54428.9 110635
54501.1 110558
54332.2 110477
54313.1 110604
54284.2 110649
54267.8 110751
54240.6 110804
54141.1 110754
54124.7 110591
54211.7 110603
54203.6 110307
54370 110271
54416.7 110267
54465 110183
54416.7 110215
54361.9 110206
54355 110080
54340.3 109777
54355.6 109652
54182.5 109776
53716.7 110000
53516.7 110333
53333.3 110333
53033.3 110333
52933.3 110083
53116.7 109967
53283.3 110000
53433.3 109700
53583.3 109617
53533.3 109450
53116.7 109617
52833.3 109633
52616.7 109500
52650 109667
52500 109700
52400 109833
52683.3 110133
52350 110267
52350 110117
52333.3 109950
52233.3 109650
52300 109367
52433.3 109167
52266.7 108900
52133.3 108950
52050 108967
51916.7 109133
52083.3 109433
52166.7 109517
51850 109767
51700 109233
51466.7 109133
51233.3 109167
51216.7 109017
51150 108750
51316.7 108750
51466.7 108850
51800 108833
51950 108617
52066.7 108700
52200 108450
52300 108517
52416.7 108700
52600 108783
52750 109017
52866.7 109267
53083.3 109300
53016.7 108950
53183.3 108767
53450 108700
53383.3 108967
53633.3 109200
54025.3 109161
54035.6 109475
54296.9 109227
54347.5 109227
54399.7 109226
54326.4 109100
54122.2 109026
54006.4 108907
54150.6 108810
54035.3 108733
54180.3 108628
54355.3 108628
54129.7 108435
54078.3 108253
54216.4 108052
54266.7 107783
55097.2 108343
55098.1 108323
55167.5 108153
55148.6 108127
55150 107617
55433.3 107900
55854.2 108484
55882.2 108952
55927.5 108939
55988.1 109096
56483.3 109633
56483.3 109433
56983.3 107283
57366.7 106833
59266.7 105833
59316.7 107183
59450 108483
59550 108500
59566.7 108617
59616.7 109217
62700 109133
62400 110733
60883.3 111083
60100 112233
60033.3 112133
60016.7 112100
60000 111883
59866.7 111600
58716.7 111150
58450 111500
57383.3 111633
57183.3 111617
56733.3 111383
56700 111317
55799.7 112639
55201.4 112466
55141.1 112494
55081.9 112497
55037.8 112280
54698.1 112147
54679.2 112215
54653.6 112363
54631.7 112512
54848.6 112344
54879.7 112522
54819.4 112548
54799.2 112573
54754.4 112602
54820.6 112686
54762.5 112688
54595.3 112702
54590.8 112809
54748.1 112804
54733.3 112931
54820.6 112879
54864.2 112802
55091.7 112888
55250 113200
54716.7 113267
54583.3 113317
54466.7 113383
54300 113483
54427.5 112955
54503.6 112901
54426.1 112924
54329.4 112953
54233.3 113017
54181.4 112927
54059.4 112945
54150 113117
54033.3 113117
53800 112917
53716.7 113083
53716.7 113200
53583.3 113167
53550 113133
53350 113250
53433.3 113333
53516.7 113317
53566.7 113400
53550 113500
53633.3 113633
53800 113650
53750 113533
53666.7 113483
53716.7 113483
53833.3 113417
53950 113633
54066.7 113650
54150 113867
54266.7 113867
54350 113917
54450 113983
54533.3 114083
54683.3 114150
54916.7 114167
55066.7 114033
55166.7 114033
55233.3 114267
55283.3 114783
55350 114983
55333.3 115417
55316.7 115717
55350 115767
55366.7 115933
55916.7 115650
58400 114750
58366.7 114850
58383.3 115117
58400 116000
58400 116033
58516.7 117133
59033.3 117683
58816.7 118750
57800 117867
57066.7 117550
56983.3 117633
56850 117633
56733.3 117517
56700 117650
56533.3 117667
56433.3 117600
56533.3 117883
56266.7 117817
56233.3 117967
56100 118083
56066.7 118250
56066.7 118400
56050 118517
56133.3 118500
56233.3 118600
56216.7 118833
56116.7 118850
56100 118683
55783.3 118833
55766.7 118717
55600 118767
55350 118783
55266.7 118800
55166.7 118800
55433.3 118700
55750 118233
56116.7 117900
56150 117750
56183.3 117600
55783.3 117900
55800 117683
55716.7 117617
55783.3 117533
55066.7 117283
55416.7 117317
55750 117333
55866.7 117367
56133.3 117317
56200 117417
56300 117333
56233.3 117283
56250 117150
56366.7 117067
56033.3 117117
56100 116833
55933.3 116917
55733.3 117117
55700 116900
55616.7 116833
55433.3 116483
54133.3 115683
54116.7 115383
54016.7 115233
54333.3 114767
53883.3 114900
53916.7 115033
53616.7 115250
53616.7 115450
53650 115583
53666.7 115983
53666.7 116167
53583.3 116417
53550 116633
53550 116767
53533.3 117017
53416.7 116683
53033.3 116683
53066.7 116783
53183.3 117017
53166.7 117100
52933.3 117283
53033.3 117317
53066.7 117400
53083.3 117450
53550 117217
53433.3 117533
53400 117583
53366.7 117700
53200 117917
52883.3 118083
52866.7 118267
52866.7 118550
51783.3 119317
51666.7 119517
51433.3 120200
51583.3 120117
51633.3 120033
51650 120033
52100 119300
52233.3 119217
52450 119133
52633.3 119150
52833.3 119250
53016.7 119233
52983.3 119517
53016.7 119583
53066.7 119750
53116.7 119833
53300 120167
53533.3 120583
53600 120717
53766.7 121067
53833.3 121267
53933.3 121467
53983.3 121617
54116.7 122067
54116.7 122217
54083.3 122483
54283.3 122633
54083.3 122683
53916.7 122767
53816.7 122867
53666.7 122650
53516.7 122633
53400 122567
53350 122533
53183.3 122517
53050 122150
53033.3 121717
53066.7 121517
52750 121417
52616.7 121700
52333.3 121417
52300 121117
51766.7 120900
51483.3 120700
50966.7 120250
51183.3 120133
51100 120017
50816.7 119683
50866.7 119583
50866.7 119467
51233.3 118950
50983.3 118633
50933.3 118783
50833.3 119000
50633.3 119117
50550 119133
50450 119183
50700 119283
50783.3 119333
50683.3 119817
50650 119950
50733.3 119967
50666.7 120333
50683.3 120367
50383.3 120267
50150 120183
50150 120500
50116.7 120783
50150 120883
50233.3 121100
50416.7 120817
50750 120850
50783.3 120783
51033.3 120733
50800 121317
50716.7 121267
50416.7 121350
49883.3 121467
50066.7 121550
50233.3 121567
50683.3 121933
50733.3 122233
50700 122300
50850 122433
50866.7 122183
50866.7 121833
51016.7 121783
51100 121600
51300 121400
51650 121283
51866.7 121667
52266.7 121683
52233.3 121800
52116.7 121933
52116.7 122150
51916.7 122100
51583.3 122250
51550 122317
51766.7 122300
51966.7 122517
52050 122267
52333.3 122283
52450 122417
52633.3 122450
52983.3 122483
51916.7 123033
51716.7 123017
52083.3 123283
52133.3 123700
51650 124383
50850 122850
50783.3 122817
50616.7 122433
50483.3 122600
50316.7 122817
50416.7 122917
50116.7 122983
49966.7 123150
49883.3 123317
49766.7 123150
49700 123150
49633.3 123183
49350 123033
49316.7 123067
49250 122950
49283.3 122933
49300 122867
49283.3 122850
49266.7 122783
49233.3 122683
49250 122500
49133.3 122300
49183.3 122067
49566.7 121433
49383.3 121433
49233.3 121767
49166.7 121950
49050 122300
49100 122650
49100 122733
49033.3 122817
49100 122833
49100 122867
49216.7 122817
49200 122850
49216.7 122917
49166.7 122967
49083.3 123083
49016.7 123083
49133.3 123183
49250 123133
49333.3 123167
49366.7 123267
49350 123267
49350 123283
49516.7 123483
49433.3 123483
49416.7 123500
49400 123500
49416.7 123617
49466.7 123767
49500 123917
49516.7 123917
49616.7 124033
49200 124017
49100 123967
49150 123917
49183.3 123850
49133.3 123850
49066.7 123867
48983.3 123817
48916.7 123700
48866.7 123650
48850 123517
48783.3 123483
48883.3 123317
48850 123300
48650 123417
48583.3 123467
48433.3 123317
48433.3 123350
48433.3 123417
48450 123500
48366.7 123533
48316.7 123550
48383.3 123733
48383.3 123683
48450 123533
48533.3 123550
48583.3 123517
48616.7 123633
48683.3 123600
48733.3 123617
48783.3 123700
48866.7 123717
48816.7 124033
48883.3 124200
48550 124417
48650 124817
49016.7 125000
48833.3 125150
48933.3 125517
49133.3 125900
49150 125917
49183.3 125917
49283.3 126050
49366.7 126250
49483.3 126400
49600 126633
49316.7 124983
49316.7 124850
49266.7 124800
49233.3 124800
49300 124483
49350 124450
49300 124317
49250 124183
49483.3 124350
49433.3 124683
49533.3 124817
49600 124883
49683.3 124933
49616.7 125017
49683.3 125000
49766.7 125100
49783.3 125067
49983.3 124767
49800 124617
49750 124550
49766.7 124317
49850 124533
49883.3 124550
50116.7 124517
50033.3 124817
50116.7 124850
50066.7 124933
50066.7 124983
50100 125033
50050 125183
50016.7 125250
50066.7 125283
49983.3 125433
50116.7 125367
50183.3 125150
50183.3 125083
50250 124967
50316.7 125083
50366.7 125150
50300 125200
50233.3 125283
50366.7 125317
50450 125367
50333.3 125483
50416.7 125517
50516.7 125533
50683.3 125700
50516.7 125750
50350 125917
50400 125967
50483.3 126083
50566.7 126267
50616.7 126317
50950 126200
50750 126483
50916.7 126867
50633.3 127017
50583.3 127100
50583.3 126917
50550 126883
50533.3 126867
50550 126817
49916.7 126667
49866.7 126700
49850 126750
49983.3 126850
49833.3 126933
49983.3 127150
50383.3 127433
50433.3 127483
50533.3 127600
50600 127583
50716.7 127500
50633.3 127250
50916.7 127283
51033.3 127517
50850 127850
50650 128017
50516.7 128033
50666.7 128083
50683.3 128267
50766.7 128350
52150 131083
52300 131217
52716.7 131833
52850 131883
53200 131983
53250 132083
53250 132000
53250 131833
53333.3 131950
53400 131917
53583.3 131933
53683.3 132167
53850 132117
54016.7 132150
54066.7 131783
54016.7 130600
54066.7 130450
53950 130250
54066.7 130100
54133.3 130167
54233.3 130283
54316.7 130333
54333.3 130450
54550 130417
54966.7 130000
55000 129950
54933.3 129933
54250 129833
54183.3 130017
54150 129950
53433.3 129267
53033.3 128900
53150 128683
52583.3 128533
52166.7 128133
52150 128133
52350 127700
51866.7 127867
51550 127617
51516.7 127517
51316.7 127500
51683.3 127250
52366.7 126750
52383.3 126567
52433.3 126233
52366.7 126100
52383.3 125817
51966.7 124983
52450 125300
53683.3 125833
53783.3 126033
53800 126167
53833.3 126283
53983.3 126433
53966.7 126517
54400 126650
54433.3 126750
54516.7 126850
54766.7 127167
54883.3 127267
54950 127317
55033.3 127333
55100 127367
55150 127383
55233.3 127483
55250 127583
55700 127567
55933.3 127883
55350 127683
55250 127667
55150 127750
55100 128067
55066.7 128200
55016.7 128333
54850 128333
54766.7 128283
54633.3 128433
54533.3 128483
54500 128583
54366.7 128550
53966.7 128650
54000 128700
54400 129100
54816.7 128767
55250 129083
55200 129217
55450 129483
55416.7 129833
55933.3 130000
56050 130017
56683.3 131817
56833.3 131767
57616.7 131683
57666.7 131583
58266.7 131800
57833.3 131400
57900 131150
58900 130433
58800 130100
58700 130100
58450 130033
59266.7 129417
59183.3 129233
59916.7 128500
60066.7 128700
60116.7 128800
61950 128267
61266.7 129283
60083.3 130600
58883.3 131750
59533.3 132083
59200 132800
58900 133133
58633.3 133533
59333.3 133617
59600 133817
59633.3 133850
59583.3 133717
59616.7 133417
59916.7 133117
60166.7 132700
60483.3 133283
60533.3 134550
60300 134267
60266.7 134283
59600 134300
59500 134250
59416.7 134467
59650 134667
59616.7 135117
59716.7 135050
59850 134983
59966.7 134900
60083.3 134833
60066.7 134583
60183.3 134717
60383.3 134833
60450 134850
60516.7 134917
60633.3 134983
60650 135000
60716.7 135050
60850 135517
60766.7 136017
60800 136483
60133.3 137017
59983.3 137117
60300 137000
60366.7 137050
60866.7 137033
61150 136533
61250 135983
61016.7 135783
60933.3 135083
61250 134617
61433.3 134633
61333.3 134350
61983.3 132450
63733.3 133650
63950 135267
63900 135300
63916.7 135483
63633.3 135450
63700 135867
63600 135917
61866.7 134933
61583.3 134917
61400 135217
61516.7 135833
62050 135683
61783.3 136050
62100 136317
62333.3 136483
62833.3 136583
63783.3 137300
63733.3 137650
63566.7 137450
62766.7 137383
62583.3 136833
61566.7 137500
60750 137500
60816.7 137683
61083.3 137917
61033.3 138383
61250 138800
61350 139000
61816.7 140783
62383.3 140367
62683.3 140083
63066.7 139483
63316.7 139417
63200 138817
62783.3 138283
63666.7 138617
63816.7 138667
63483.3 138833
63766.7 139100
64016.7 139100
64100 139433
64066.7 139450
64066.7 139417
64033.3 139433
63566.7 139733
64016.7 140833
64450 140550
64683.3 140983
65916.7 139617
67416.7 140983
67566.7 139800
69566.7 138900
69000 137367
68216.7 135000
67433.3 134867
66500 133067
67433.3 133750
68350 133700
68700 134117
69000 134667
69350 133717
69450 133067
69733.3 128950
69750 128867
71983.3 125200
70166.7 124667
69850 124433
69383.3 123983
67033.3 126117
66266.7 128633
65233.3 127083
65283.3 126850
64900 125583
65183.3 123417
63266.7 123600
61050 123367
60233.3 123483
59483.3 124017
59383.3 124867
59550 126483
59150 127617
57650 128200
57433.3 127550
56883.3 126500
56200 126850
55316.7 126617
55050 126317
55483.3 125983
55766.7 125950
57416.7 125617
56600 124633
55783.3 124700
55666.7 124500
54650 124767
54866.7 125133
54600 125083
54516.7 125183
54483.3 125667
54350 125917
54400 126033
54816.7 126133
54516.7 126433
54516.7 126300
54416.7 126200
54033.3 126150
53983.3 126067
53950 125883
54016.7 125767
54100 125717
54216.7 125767
54283.3 125833
54166.7 125483
54100 125167
54200 125083
54083.3 125017
53983.3 124967
54050 124783
53883.3 124567
54050 124533
54566.7 124483
54433.3 124250
54016.7 124283
53916.7 124167
54016.7 124017
53866.7 123900
53983.3 123600
53950 123267
53000 123617
53450 123217
53766.7 123050
53866.7 123083
54100 123017
55000 123033
55983.3 123833
56083.3 122750
56033.3 121917
55833.3 121733
55700 121617
55716.7 121183
56183.3 121583
56216.7 121433
56283.3 121233
56450 120917
56266.7 120950
56250 120833
55850 120783
55783.3 120917
55600 120550
55766.7 120233
55716.7 120133
55450 119900
55350 119783
55200 119450
55150 119150
55266.7 119500
55316.7 119567
55900 120133
56016.7 120083
56066.7 120083
56183.3 119950
56500 119200
56516.7 119067
56583.3 119500
56166.7 120017
56100 120117
56016.7 120617
56150 120667
56216.7 120683
56183.3 120533
56300 120533
56433.3 120783
56516.7 120783
56533.3 121000
57133.3 121300
58283.3 121717
58816.7 122533
58800 122667
59033.3 122433
60433.3 121250
61850 121333
61516.7 120633
61300 118667
60933.3 117417
61366.7 117650
63133.3 117267
62833.3 116050
62783.3 116033
60550 116133
60850 115700
60883.3 115033
60833.3 114467
61166.7 113683
61116.7 112583
61383.3 112750
62450 114350
62616.7 113467
62983.3 113200
64483.3 113167
64183.3 114183
66050 117883
66083.3 118033
70733.3 117750
71616.7 117950
76233.3 119333
69200 114533
68783.3 114783
67833.3 115083
66833.3 108033
69116.7 105033
68033.3 103433
67783.3 102367
78783.3 103533
74683.3 94900
72016.7 94250
69533.3 93533.3
68633.3 95916.7
64316.7 96016.7
61933.3 96650
59416.7 97750
61133.3 100883
59383.3 101333
58050 103550
57883.3 101667
56850 101050
56233.3 100567
55816.7 100383
54783.3 99783.3
54216.7 100600
53700 100300
53816.7 101233
54283.3 101817
53950 102267
54100 102817
54666.7 102083
54766.7 101883
54750 101850
54666.7 101783
54583.3 101383
55116.7 101083
55733.3 101317
55533.3 102333
55166.7 102950
55066.7 103067
55750 103167
56333.3 103233
55416.7 104550
55100 105300
55783.3 106217
54050 105783
53916.7 106083
54666.7 107117
53833.3 107033
53750 106967
53650 106983
53516.7 107133
53600 107383
53633.3 107550
53683.3 107700
53783.3 107750
53550 107867
53366.7 108050
53250 108000
53216.7 108000
53300 108083
53350 108350
52966.7 108383
52866.7 108450
52866.7 108300
52766.7 108300
52766.7 108283
52650 108017
52933.3 107867
52983.3 107583
53083.3 107667
53133.3 107767
53366.7 107817
53366.7 107517
53350 107333
53300 107050
53300 106967
53516.7 106867
53433.3 106733
53266.7 106700
53366.7 106600
53216.7 106400
53533.3 106317
53216.7 106067
53083.3 106067
53016.7 106000
52783.3 105917
52516.7 106017
52316.7 106100
52316.7 106283
52016.7 106217
51900 106067
51966.7 105867
51766.7 105750
51550 105467
51666.7 105467
51900 105450
51950 105633
52100 105750
52266.7 105517
52283.3 105667
52483.3 105717
52650 105733
52633.3 105450
52733.3 105450
52783.3 105733
52866.7 105783
52916.7 105800
53016.7 105800
53200 105750
53400 105617
53500 105567
53416.7 105533
53450 105367
52983.3 105433
52866.7 105400
53000 105250
52783.3 105083
52633.3 104883
52500 104900
52400 104983
52183.3 104833
52200 104983
52433.3 105283
52200 105117
52116.7 105133
52050 105133
51850 105033
52133.3 104533
52416.7 104500
52666.7 104533
52866.7 104333
52866.7 104467
52866.7 104600
52900 104783
52950 105033
53466.7 105117
53483.3 104983
53483.3 104667
53483.3 104333
53450 104083
53366.7 104017
53283.3 104017
53083.3 104467
53000 104300
53116.7 104033
53200 103800
53116.7 103650
53283.3 103583
53550 103417
53150 103467
52866.7 103367
52616.7 103383
52600 103250
52866.7 102983
52583.3 102967
52066.7 103250
51650 103533
51266.7 103733
51550 103967
51950 103800
52083.3 103833
52200 103800
52166.7 103517
52716.7 103633
52850 103717
52983.3 103800
52616.7 103917
52366.7 103833
52016.7 104067
52066.7 104250
51766.7 104183
51750 104533
51783.3 104717
51400 104533
51400 104733
51316.7 105000
51416.7 105017
51516.7 105017
51633.3 105017
51450 105450
51233.3 105433
51066.7 105433
50866.7 105250
50850 105567
50933.3 105700
51166.7 105933
51266.7 105967
51366.7 106133
51500 106283
51416.7 106600
51616.7 106433
51800 106500
52133.3 106600
52116.7 106633
52133.3 106667
52333.3 106783
52316.7 106567
52500 106417
52650 106333
52800 106217
52916.7 106400
52816.7 106500
52716.7 106583
52616.7 106650
52933.3 106783
52833.3 106883
52783.3 107067
52716.7 107350
52800 107467
52700 107700
52566.7 107717
52516.7 107533
52466.7 107400
52366.7 106967
52116.7 107217
52133.3 107050
52100 107000
52000 106983
51916.7 107117
51700 107133
51533.3 107250
51500 107050
51483.3 106933
51266.7 107017
50983.3 107133
50883.3 107383
50583.3 107350
50433.3 107217
50366.7 107583
50500 107767
50283.3 107767
50183.3 107817
50116.7 107733
49950 108100
49716.7 108133
49716.7 108017
49716.7 107733
49750 107483
49933.3 107450
49900 107300
50233.3 107250
50116.7 107100
50116.7 106983
50016.7 106733
50133.3 106383
50450 106267
50750 106400
50616.7 106700
50466.7 106667
50450 106900
50600 107017
50916.7 106850
51100 106983
51200 106867
51116.7 106600
50983.3 106550
50800 106150
50633.3 106033
50450 106067
50683.3 105883
50583.3 105583
50366.7 105383
50400 105550
50283.3 105617
50400 105717
50450 105817
50266.7 105883
50200 106000
49866.7 106217
49483.3 106017
49616.7 105983
49833.3 106033
49933.3 105967
50100 105700
49933.3 105700
49816.7 105617
49950 105400
50166.7 105267
50300 105133
50400 105150
50433.3 104817
50183.3 104900
50016.7 105067
49916.7 104950
49733.3 104950
49550 105050
49566.7 104917
49616.7 104750
49716.7 104600
50050 104633
49916.7 104367
50100 104317
50466.7 104417
50566.7 104450
50416.7 104600
50450 104617
50650 104867
50750 104867
50800 104917
50700 105217
51066.7 104950
50983.3 104850
50933.3 104500
50950 104200
50900 103850
50766.7 103783
50800 103550
51166.7 103500
50733.3 103200
50933.3 102800
50716.7 103000
50416.7 103267
50416.7 102917
50150 102933
50100 102633
50383.3 102567
50650 102083
50933.3 102033
51033.3 102167
51216.7 102250
51300 102433
51216.7 102467
51200 102800
51433.3 102917
51350 103233
51583.3 103217
51700 102750
51850 102533
51950 102667
52066.7 102650
52250 102667
51900 102350
51633.3 102433
51550 102433
51450 102433
51350 102200
51200 102100
51216.7 102000
51216.7 101883
51150 101750
51233.3 101350
51316.7 101433
51516.7 101800
51566.7 101900
51916.7 101550
51866.7 101917
52400 102233
52466.7 102650
52666.7 102533
52900 102483
52850 102383
52850 102200
52833.3 101850
52816.7 101433
52683.3 101100
52616.7 100733
52583.3 101050
52533.3 101067
52383.3 101100
52100 101267
52083.3 101050
52083.3 100800
51783.3 100533
51516.7 100400
51650 99916.7
52016.7 100150
52200 100167
51950 99600
51383.3 99600
51316.7 99500
51366.7 99116.7
51050 99533.3
50783.3 99483.3
51050 99783.3
51150 100050
51166.7 100283
50650 99966.7
50366.7 99466.7
50233.3 99450
50150 99450
49883.3 99700
49866.7 99350
49900 99066.7
50133.3 99100
50233.3 98950
50383.3 99083.3
50683.3 99466.7
50800 98983.3
50700 98866.7
50600 98733.3
51433.3 98800
51600 98700
51766.7 98616.7
51316.7 98350
51283.3 98416.7
51183.3 98333.3
50966.7 98183.3
50866.7 98100
50783.3 97566.7
50683.3 97533.3
50500 97500
50566.7 97216.7
50383.3 97266.7
50200 97666.7
50066.7 97450
50133.3 97316.7
50066.7 97216.7
49900 97250
49833.3 97216.7
49683.3 97266.7
49816.7 97133.3
49883.3 97166.7
49916.7 97183.3
49933.3 97116.7
49950 97100
49916.7 97083.3
49900 97100
49883.3 97000
50150 96883.3
50433.3 96566.7
50550 96233.3
50450 96016.7
50350 95966.7
50266.7 96050
50166.7 96233.3
50016.7 96316.7
49883.3 96066.7
49866.7 95916.7
49950 95966.7
50116.7 96033.3
50150 95883.3
50400 95683.3
50300 95550
50866.7 95250
50900 95333.3
51016.7 95666.7
52050 95483.3
51133.3 96200
51100 96300
50700 96550
50550 96633.3
50566.7 97000
50633.3 97000
51000 97000
50900 97216.7
51200 97566.7
51383.3 97483.3
51666.7 96833.3
51733.3 96916.7
52366.7 97033.3
53166.7 99283.3
53700 97883.3
53966.7 97833.3
54616.7 97783.3
54833.3 98250
54916.7 98633.3
55800 98850
56783.3 98933.3
55750 97866.7
55316.7 97700
55583.3 97150
55766.7 96700
56250 96100
56066.7 95633.3
56350 94700
56816.7 94083.3
57200 94166.7
57933.3 94200
58766.7 94166.7
59916.7 94816.7
61116.7 94050
62183.3 92600
62816.7 92083.3
63333.3 90700
65933.3 90816.7
68533.3 89816.7
66533.3 86716.7
66516.7 86233.3
70950 84833.3
71333.3 84950
73033.3 85166.7
80216.7 86183.3
76416.7 82950
74516.7 82400
76200 81016.7
72700 78000
69400 81800
68766.7 81200
64133.3 83166.7
55983.3 87650
55250 85200
51616.7 85933.3
50416.7 84366.7
49783.3 83650
49666.7 83516.7
49700 83666.7
49533.3 83833.3
49066.7 84100
48766.7 83600
49616.7 83333.3
49616.7 83266.7
49600 83166.7
49550 83016.7
49533.3 82866.7
49466.7 82683.3
49416.7 82433.3
49350 82150
49300 82033.3
49283.3 81850
49250 81666.7
49283.3 81633.3
49850 81616.7
50200 81666.7
49683.3 81516.7
49566.7 81366.7
49550 81350
49133.3 81383.3
49316.7 81033.3
49183.3 81066.7
49066.7 81016.7
49016.7 80833.3
48983.3 80716.7
48866.7 80850
48816.7 80816.7
48700 80783.3
48633.3 80866.7
48616.7 80933.3
48583.3 81016.7
48466.7 81333.3
48466.7 81283.3
48466.7 81200
48533.3 80683.3
48650 80683.3
48683.3 80733.3
48750 80683.3
48766.7 80666.7
48916.7 80133.3
48533.3 80466.7
48483.3 80383.3
48416.7 80316.7
48366.7 80250
48283.3 80233.3
48000 80650
47650 80783.3
47683.3 80733.3
47716.7 80333.3
47666.7 80233.3
47650 80166.7
47633.3 80000
47600 79650
47716.7 79816.7
47800 79816.7
47816.7 79866.7
47816.7 80000
48016.7 79950
48066.7 80016.7
48100 80100
48150 80033.3
48150 79950
48100 79716.7
48166.7 79533.3
48200 79416.7
48200 79250
48366.7 79416.7
48516.7 79216.7
48866.7 79500
48950 79483.3
49000 79366.7
48833.3 79366.7
48800 79200
48666.7 79200
48666.7 78983.3
48450 78883.3
48250 79016.7
48250 79033.3
48016.7 78933.3
48216.7 78916.7
48366.7 78866.7
48566.7 78833.3
48716.7 78866.7
48766.7 79000
48833.3 78866.7
48666.7 78700
48616.7 78366.7
48566.7 78116.7
48466.7 78133.3
48466.7 78066.7
48350 78116.7
48333.3 78116.7
48216.7 78383.3
48133.3 78116.7
48233.3 77933.3
48100 77900
48100 77766.7
48116.7 77766.7
48166.7 77550
48150 77483.3
48400 77350
48400 77250
48666.7 77466.7
48616.7 77633.3
48666.7 77633.3
48700 77733.3
48516.7 77683.3
48500 77666.7
48433.3 77633.3
48416.7 77516.7
48383.3 77666.7
48483.3 77800
48350 77983.3
48550 77950
48650 77983.3
49750 77633.3
49650 76483.3
49500 76083.3
48233.3 76583.3
47500 76700
46533.3 76033.3
46366.7 75966.7
46233.3 76016.7
46083.3 76050
45950 75950
45800 75950
45633.3 75933.3
45650 76033.3
45516.7 76233.3
45433.3 76366.7
45466.7 76400
45516.7 76416.7
45600 76483.3
45683.3 76616.7
45366.7 76483.3
45333.3 76283.3
45216.7 76200
45133.3 76133.3
44883.3 76233.3
44683.3 76400
44650 76316.7
44650 76250
44900 76016.7
44916.7 75833.3
45016.7 75633.3
45183.3 75833.3
45250 75916.7
45300 75883.3
45333.3 75900
45366.7 75883.3
45400 75850
45350 75933.3
45350 76033.3
45516.7 76000
45516.7 75866.7
45500 75816.7
45383.3 75800
45366.7 75800
45433.3 75733.3
45416.7 75700
45450 75683.3
45466.7 75700
45483.3 75650
45433.3 75650
45333.3 75683.3
45333.3 75600
45466.7 75516.7
45483.3 75600
45766.7 75583.3
46083.3 75616.7
46550 75500
46700 75450
46866.7 75316.7
46733.3 75300
46516.7 75350
46416.7 75366.7
46383.3 75016.7
46366.7 74883.3
46400 74866.7
46366.7 74766.7
46283.3 74733.3
46200 74633.3
46116.7 74583.3
46016.7 74766.7
45683.3 74400
45633.3 74366.7
45650 74333.3
45466.7 74300
45450 74166.7
45450 74150
45450 74116.7
45466.7 74083.3
45650 74100
45900 74166.7
45950 74150
46033.3 74200
46033.3 74283.3
46133.3 74183.3
46316.7 74216.7
46933.3 74016.7
46666.7 73916.7
46033.3 74033.3
46033.3 74066.7
45866.7 74083.3
45800 74016.7
45766.7 74000
45766.7 73983.3
45850 73766.7
45966.7 73716.7
46033.3 73700
45950 73583.3
45850 73483.3
45966.7 73466.7
46033.3 73433.3
45883.3 73283.3
45766.7 73350
45683.3 73183.3
45783.3 73150
45850 73233.3
45883.3 73150
45966.7 73216.7
46016.7 73166.7
46033.3 73133.3
46050 73116.7
46083.3 73166.7
46183.3 73116.7
46216.7 73016.7
46250 72933.3
46250 73083.3
46283.3 73366.7
46166.7 73416.7
46216.7 73533.3
46316.7 73650
46583.3 73083.3
46616.7 72766.7
46616.7 72733.3
46683.3 72716.7
46633.3 72683.3
46616.7 72666.7
46716.7 72566.7
46800 72500
46850 72450
46866.7 72383.3
46750 72250
46666.7 72133.3
46700 72083.3
46983.3 72183.3
47250 72250
47950 72166.7
48250 72083.3
48333.3 72133.3
48433.3 72050
48416.7 71950
48433.3 71866.7
48483.3 71783.3
48466.7 71666.7
48400 71683.3
48383.3 71683.3
47983.3 71433.3
48416.7 71250
48433.3 71250
48466.7 71233.3
48450 71216.7
48433.3 71183.3
48433.3 71133.3
48433.3 71066.7
48333.3 70883.3
48300 70850
48333.3 70866.7
48350 70883.3
48450 70900
48433.3 71033.3
48450 71066.7
48533.3 71083.3
48550 71316.7
48683.3 71366.7
48666.7 71516.7
48583.3 71550
48583.3 71633.3
48566.7 71633.3
48550 71650
48566.7 71650
48633.3 71700
48683.3 71666.7
48666.7 71816.7
48733.3 71850
48866.7 72233.3
48900 72200
49000 72166.7
49066.7 72350
49000 72550
48883.3 72666.7
48700 72650
48833.3 72516.7
48866.7 72416.7
48650 72450
48600 72333.3
48483.3 72350
48566.7 72250
48516.7 72216.7
48333.3 72166.7
48266.7 72166.7
48150 72216.7
48100 72183.3
47666.7 72266.7
47166.7 72633.3
47450 72783.3
47683.3 73050
47850 73550
47900 73883.3
47883.3 74183.3
47216.7 74366.7
47916.7 74616.7
48116.7 75216.7
48116.7 75366.7
48166.7 75633.3
48666.7 74950
49783.3 74866.7
49833.3 74833.3
49566.7 74583.3
49700 74583.3
49866.7 74350
50416.7 73866.7
51883.3 74283.3
54016.7 76533.3
51316.7 76900
51483.3 78766.7
52233.3 78516.7
52600 78716.7
51966.7 79316.7
51250 80600
51266.7 80650
52250 81616.7
52750 82000
52916.7 82433.3
54366.7 82533.3
54400 79450
53833.3 79016.7
53000 78816.7
53783.3 77616.7
55266.7 77783.3
56200 78866.7
56533.3 79233.3
58450 78150
60033.3 77283.3
60733.3 78483.3
62416.7 77900
62533.3 77383.3
63116.7 77933.3
65133.3 77633.3
64233.3 76550
62200 75633.3
61600 71950
64033.3 72650
66566.7 71300
68616.7 71133.3
70450 68566.7
81716.7 64716.7
82483.3 62250
66666.7 61366.7
67533.3 63750
67550 64033.3
67950 64916.7
66266.7 67150
66133.3 65750
62966.7 64500
63716.7 68450
63733.3 68500
62850 69883.3
61033.3 69616.7
60783.3 69833.3
60016.7 70033.3
58766.7 69116.7
58100 68400
58083.3 67683.3
56883.3 68983.3
53200 70916.7
54816.7 66883.3
54800 66816.7
52916.7 66866.7
51800 68166.7
50183.3 66100
50200 66383.3
50183.3 66633.3
50016.7 66866.7
49783.3 67166.7
49666.7 67166.7
49416.7 67316.7
49083.3 66683.3
48983.3 66983.3
48933.3 67166.7
48866.7 67100
48633.3 67116.7
48350 67216.7
48250 67250
48166.7 67150
48050 67083.3
47966.7 66933.3
47683.3 67100
47816.7 66883.3
47966.7 66766.7
48000 66766.7
48000 66666.7
48050 66616.7
48033.3 66483.3
48066.7 66366.7
48133.3 66300
47966.7 66283.3
48100 66100
48250 65900
48166.7 65833.3
48133.3 65816.7
47916.7 66000
47733.3 65716.7
47850 65766.7
48100 65683.3
48066.7 65566.7
48050 65466.7
48000 65333.3
48033.3 65250
47816.7 65183.3
47783.3 64950
47700 65166.7
47750 65366.7
47683.3 65433.3
47600 65650
47283.3 65616.7
47116.7 65600
46966.7 65733.3
46833.3 65783.3
46816.7 65800
46733.3 65833.3
46650 65866.7
46550 66116.7
46516.7 66266.7
46450 66400
46366.7 66566.7
46400 66916.7
46283.3 66733.3
46266.7 66633.3
46233.3 66616.7
46133.3 66600
45966.7 66583.3
45850 66466.7
45950 66633.3
45966.7 66633.3
46016.7 66833.3
45883.3 66900
45916.7 67033.3
45716.7 67000
45683.3 66916.7
45666.7 66616.7
45633.3 66583.3
45450 66350
45350 66233.3
45300 66200
45250 66100
45266.7 66066.7
45383.3 66000
45466.7 65883.3
45533.3 65833.3
45616.7 66083.3
45683.3 66100
45766.7 66150
45883.3 66300
45983.3 66200
46083.3 66050
46166.7 65883.3
46033.3 65866.7
45866.7 65816.7
46050 65550
45716.7 65516.7
45350 65533.3
45600 64950
45800 65116.7
45933.3 65166.7
46000 65316.7
46033.3 65050
46250 65066.7
46116.7 64950
46083.3 64766.7
46100 64750
46100 64666.7
46166.7 64566.7
46216.7 64533.3
46233.3 64533.3
46300 64716.7
46366.7 64750
46466.7 64733.3
46633.3 64866.7
46683.3 64866.7
46733.3 64966.7
46616.7 65050
46466.7 65250
46583.3 65333.3
46716.7 65416.7
46883.3 65516.7
46900 65633.3
46950 65600
46983.3 65566.7
46983.3 65550
47033.3 65433.3
47066.7 65383.3
46900 65183.3
47033.3 65183.3
47200 65150
47233.3 65050
47500 64916.7
47666.7 64833.3
47700 64850
47733.3 64700
47783.3 64633.3
47833.3 64700
48183.3 64983.3
48200 64866.7
48266.7 64750
48333.3 64666.7
48350 64616.7
48383.3 64500
48433.3 64333.3
48633.3 64183.3
48616.7 64266.7
48650 64350
48750 64583.3
48833.3 64600
48883.3 64550
48833.3 64483.3
48816.7 64450
48766.7 64383.3
48866.7 64200
48933.3 64300
48983.3 64383.3
49050 64483.3
49133.3 64750
49183.3 64883.3
49166.7 64916.7
49216.7 65133.3
48966.7 65516.7
49116.7 66483.3
49200 66166.7
49216.7 65916.7
49216.7 65750
49250 65566.7
49233.3 65316.7
49816.7 64350
49883.3 64483.3
50283.3 65583.3
50283.3 65200
50266.7 64916.7
50266.7 64766.7
50316.7 64500
50283.3 64333.3
50266.7 64150
50300 64016.7
50250 63583.3
49716.7 64066.7
49616.7 63800
49266.7 63216.7
49216.7 63050
49133.3 62533.3
49266.7 61850
50216.7 62083.3
50183.3 61816.7
50183.3 61283.3
50216.7 60716.7
50350 59816.7
50516.7 59483.3
50700 59333.3
50783.3 59016.7
50833.3 58950
51233.3 58650
53300 60300
53333.3 60416.7
53533.3 60150
55850 60866.7
56550 61683.3
58533.3 65883.3
60416.7 64816.7
59066.7 63883.3
58866.7 63250
58200 62633.3
57466.7 61833.3
55450 60216.7
55066.7 59600
55183.3 59216.7
55083.3 59183.3
54166.7 58433.3
54216.7 58133.3
54566.7 57266.7
54466.7 57250
54450 57216.7
54133.3 57416.7
53616.7 57433.3
53816.7 57133.3
53650 57050
53700 57016.7
53800 57016.7
53866.7 57000
53866.7 56900
53733.3 56800
53300 55950
53483.3 55900
53500 55783.3
53466.7 55766.7
53400 55783.3
53266.7 55733.3
53233.3 55716.7
53016.7 55833.3
52966.7 55800
52900 55850
52733.3 55833.3
52683.3 55866.7
52533.3 56300
52583.3 55883.3
52550 55783.3
52600 55766.7
52550 55733.3
52450 55683.3
52450 55666.7
52366.7 55650
52266.7 55583.3
52216.7 55633.3
52350 55683.3
52300 55833.3
52233.3 55833.3
52016.7 55833.3
51516.7 56133.3
51633.3 55900
51600 55866.7
51550 55733.3
51600 55633.3
51600 55533.3
51516.7 55483.3
51433.3 55516.7
51383.3 55600
51300 55616.7
51166.7 55700
51083.3 55783.3
51033.3 55833.3
50716.7 55600
50900 55900
50850 56116.7
50733.3 56100
50600 56200
50533.3 56283.3
50366.7 56533.3
50250 56500
50133.3 56100
49933.3 56400
49850 56433.3
49783.3 56633.3
49866.7 56816.7
50533.3 57383.3
50716.7 57366.7
50650 57266.7
50750 57166.7
50833.3 57033.3
50933.3 56983.3
51016.7 57100
51016.7 57033.3
51050 56916.7
51133.3 56800
51183.3 56833.3
51283.3 56733.3
51366.7 56616.7
51400 56416.7
51733.3 56416.7
51600 56716.7
51516.7 56833.3
51450 56950
51433.3 57116.7
51416.7 57200
51416.7 57616.7
51466.7 57716.7
51416.7 57816.7
51316.7 58016.7
50350 57533.3
50233.3 57583.3
50183.3 57600
50033.3 57716.7
49916.7 57900
49733.3 57933.3
49616.7 57950
49500 57933.3
49500 57883.3
49533.3 57866.7
49450 57766.7
49450 57900
49483.3 58116.7
49100 58366.7
49050 58383.3
49050 58183.3
49116.7 58066.7
48966.7 58000
48950 57933.3
48966.7 57916.7
48966.7 57800
49016.7 57616.7
49083.3 57550
49183.3 57433.3
49166.7 57116.7
49766.7 56916.7
49583.3 56833.3
49533.3 56866.7
48816.7 56866.7
48816.7 56533.3
48850 56466.7
49016.7 56316.7
48966.7 56033.3
49416.7 56066.7
49483.3 56100
49583.3 56183.3
49616.7 56183.3
49700 56150
49916.7 56183.3
49750 56033.3
49683.3 55983.3
49600 55966.7
49533.3 55833.3
49633.3 55800
49783.3 55866.7
50000 55866.7
50200 55733.3
49966.7 55583.3
49916.7 55566.7
49883.3 55633.3
49866.7 55666.7
49600 55683.3
49500 55716.7
49500 55400
49483.3 55283.3
49500 55250
49366.7 55333.3
49316.7 55400
48950 55666.7
48933.3 55650
49016.7 55516.7
49150 55366.7
49083.3 55266.7
49116.7 55083.3
49000 54883.3
49233.3 55066.7
49266.7 55066.7
49333.3 55083.3
49283.3 54933.3
49266.7 54833.3
49333.3 54733.3
49483.3 54833.3
49566.7 54850
49650 54750
49616.7 54583.3
49516.7 54533.3
49433.3 54666.7
49350 54516.7
49266.7 54500
48950 54550
48900 54433.3
49366.7 54266.7
49416.7 54366.7
49650 54383.3
49700 54283.3
49600 54300
49566.7 54250
49600 54166.7
49733.3 54166.7
49683.3 54050
49450 54050
49433.3 53950
49033.3 53866.7
48950 53916.7
48850 53983.3
48850 54016.7
48783.3 54216.7
48500 54216.7
48683.3 54116.7
48666.7 54050
48700 53800
48650 53766.7
48850 53683.3
48983.3 53700
49116.7 53616.7
49150 53583.3
49283.3 53616.7
49233.3 53516.7
49183.3 53533.3
49100 53583.3
49050 53583.3
48666.7 53650
48433.3 53800
48400 53633.3
48416.7 53600
48500 53500
48550 53483.3
48600 53400
48550 53333.3
48583.3 53200
48566.7 53100
48633.3 53100
48616.7 53033.3
48516.7 53083.3
48483.3 53100
48400 53350
48366.7 53383.3
48283.3 53466.7
48183.3 53533.3
48133.3 53583.3
48050 53633.3
48166.7 53716.7
48100 53750
48050 53766.7
48133.3 53916.7
48233.3 53966.7
48366.7 53866.7
48416.7 53883.3
48433.3 54016.7
48350 54166.7
48266.7 54166.7
48183.3 53983.3
48150 53966.7
48083.3 53916.7
48016.7 54016.7
47866.7 53933.3
47850 53983.3
47650 53966.7
47683.3 53883.3
47633.3 53750
47550 53666.7
47516.7 53666.7
47416.7 53533.3
47550 53550
47583.3 53550
47633.3 53500
47716.7 53500
47783.3 53483.3
47816.7 53450
47616.7 53300
47583.3 53300
47533.3 53300
47450 53233.3
47433.3 53216.7
47383.3 53133.3
47433.3 53166.7
47516.7 53216.7
47650 53216.7
47683.3 53250
47733.3 53250
47766.7 53216.7
47750 53200
47783.3 53166.7
47800 53166.7
47866.7 53366.7
47916.7 53366.7
47966.7 53333.3
48016.7 53266.7
48033.3 53116.7
48083.3 53016.7
48166.7 52933.3
48066.7 52933.3
48033.3 52983.3
48000 53000
47900 53083.3
47650 52933.3
47633.3 52850
47716.7 52833.3
47766.7 52766.7
47716.7 52716.7
47650 52733.3
47633.3 52683.3
47550 52666.7
47450 52716.7
47516.7 52783.3
47533.3 52933.3
47516.7 52966.7
47500 53016.7
47466.7 53083.3
47333.3 52833.3
47283.3 52833.3
47250 52850
47216.7 52850
47083.3 52950
47016.7 52916.7
46966.7 52966.7
46933.3 52966.7
46666.7 53083.3
46716.7 53266.7
46733.3 53366.7
46616.7 53533.3
46633.3 53600
46800 53650
46866.7 53616.7
46916.7 53583.3
47116.7 53516.7
47133.3 53500
47216.7 53566.7
47016.7 53616.7
46966.7 53700
46883.3 53966.7
46800 54066.7
46916.7 54183.3
47100 54066.7
47133.3 54066.7
47183.3 54050
47233.3 53966.7
47300 54000
47316.7 53916.7
47283.3 53883.3
47433.3 53800
47533.3 54100
47666.7 54083.3
47833.3 54166.7
47883.3 54250
47766.7 54216.7
47700 54233.3
47650 54150
47566.7 54233.3
47483.3 54200
47383.3 54166.7
47400 54333.3
47433.3 54466.7
47400 54516.7
47283.3 54816.7
47266.7 54916.7
47366.7 54916.7
47383.3 54783.3
47683.3 54716.7
47650 54933.3
47533.3 54966.7
47483.3 55116.7
47650 55233.3
47616.7 55233.3
47233.3 55366.7
47166.7 55166.7
47150 55133.3
47183.3 55050
47050 55183.3
46900 55400
46933.3 55550
47133.3 55533.3
46866.7 55816.7
46900 55966.7
46950 55983.3
47066.7 55866.7
47100 55783.3
47483.3 55833.3
47500 55783.3
47466.7 55533.3
47500 55450
47516.7 55450
47683.3 55466.7
47866.7 55850
47600 55916.7
47550 55933.3
47600 56416.7
47566.7 56750
47583.3 56816.7
47550 56883.3
47583.3 57266.7
47516.7 57416.7
47600 57633.3
47666.7 58233.3
47616.7 58716.7
47600 59016.7
47566.7 59150
47616.7 59233.3
47783.3 59233.3
47816.7 59200
47850 59150
47916.7 59033.3
48016.7 58950
48066.7 58866.7
48183.3 58850
48200 58866.7
48233.3 58816.7
48250 58766.7
48316.7 58683.3
48383.3 58583.3
48433.3 58500
48450 58483.3
48516.7 58416.7
48650 58250
48550 58566.7
48650 58650
48550 58733.3
48566.7 58816.7
48516.7 58900
48550 58916.7
48700 58916.7
48650 58983.3
48616.7 59100
48500 59116.7
47866.7 59366.7
47833.3 59316.7
47683.3 59316.7
46183.3 59866.7
46133.3 59883.3
46083.3 59933.3
46000 59850
45916.7 59983.3
45716.7 60250
45833.3 60133.3
45933.3 60000
46033.3 59983.3
46200 59966.7
46216.7 60016.7
46250 60083.3
46233.3 60216.7
46150 60166.7
46116.7 60216.7
46116.7 60233.3
46150 60283.3
46166.7 60233.3
46200 60250
46233.3 60283.3
46100 60500
46250 60616.7
46300 60616.7
46366.7 60516.7
46683.3 60366.7
46900 60466.7
47000 60466.7
47000 60516.7
47550 61566.7
47383.3 61866.7
47366.7 61933.3
47233.3 61850
46650 60966.7
46616.7 61016.7
46550 61033.3
46433.3 61100
46383.3 61066.7
46400 61150
46233.3 61283.3
46183.3 61266.7
46083.3 61416.7
46033.3 61533.3
46066.7 61366.7
45966.7 61116.7
45900 61100
45933.3 61016.7
45983.3 60983.3
45950 60900
45966.7 60816.7
45950 60783.3
46100 60750
46016.7 60650
45633.3 60666.7
45700 60733.3
45650 60866.7
45583.3 60966.7
45350 61000
45483.3 61033.3
45516.7 61016.7
45716.7 61166.7
45716.7 61250
45650 61233.3
45616.7 61233.3
45600 61350
45600 61366.7
45616.7 61400
45633.3 61400
45683.3 61433.3
45883.3 61500
45800 61483.3
45700 61483.3
45650 61516.7
45616.7 61650
45400 61500
45350 61250
45233.3 61200
45216.7 61366.7
45183.3 61650
45183.3 61666.7
45216.7 61733.3
45066.7 61900
45033.3 62000
44966.7 62116.7
44916.7 62383.3
44900 62416.7
44800 62700
44933.3 62533.3
44966.7 62250
45116.7 62016.7
45133.3 61983.3
45250 62016.7
45266.7 62066.7
45383.3 61983.3
45400 62183.3
45583.3 62183.3
45700 62266.7
45616.7 61966.7
45866.7 61966.7
46433.3 62066.7
46350 62250
46416.7 62266.7
46416.7 62433.3
46416.7 62566.7
46416.7 62700
46366.7 62866.7
46350 62966.7
46166.7 62916.7
46183.3 62883.3
46200 62833.3
46300 62783.3
46166.7 62650
46233.3 62616.7
46183.3 62533.3
46016.7 62483.3
46016.7 62533.3
45966.7 62566.7
46066.7 62816.7
46016.7 62883.3
45733.3 63050
45716.7 63283.3
46233.3 63133.3
46250 63116.7
46283.3 63133.3
46300 63216.7
46416.7 63300
46350 63350
46216.7 63466.7
46216.7 63483.3
46250 63666.7
46250 63700
46366.7 63550
46450 63450
46433.3 63650
46533.3 63683.3
46400 63783.3
46416.7 63816.7
46433.3 63866.7
46433.3 64000
46533.3 64050
46566.7 63933.3
46666.7 64066.7
46800 64066.7
46950 64033.3
46700 64216.7
46683.3 64183.3
46150 64183.3
46050 64100
46100 63933.3
46116.7 63783.3
45850 63650
45733.3 63866.7
45616.7 63666.7
45783.3 63633.3
45833.3 63583.3
45800 63466.7
45683.3 63550
45550 63550
45466.7 63600
45433.3 63516.7
45433.3 63466.7
45416.7 63383.3
45366.7 63300
45250 63283.3
45416.7 63033.3
45566.7 63000
45650 62850
45750 62733.3
45666.7 62700
45550 62716.7
45566.7 62650
45583.3 62633.3
45616.7 62616.7
45616.7 62416.7
