23399.4 56997.5
23381.9 57013.9
23385.3 57021.4
23388.1 57035.8
23393.3 57032.5
23435.3 57046.9
23455.8 57033.6
23474.2 57019.7
23493.1 57014.2
23492.2 57006.1
23457.2 57085.6
23493.1 57115
23483.3 57116.7
23449.7 57114.7
23440.8 57118.9
23426.7 57123.9
23409.7 57115.8
23419.4 57130.6
23421.4 57151.1
23406.7 57170.8
23424.7 57163.6
23474.4 57166.9
23477.5 57169.4
23465.3 57274.2
23429.7 57302.5
23418.6 57347.5
23386.4 57422.2
23390.8 57424.4
23391.1 57431.4
23392.8 57435
23400.3 57416.9
23416.4 57426.7
23417.5 57429.7
23425 57432.8
23431.7 57440.6
23464.7 57453.1
23478.1 57442.8
23490.8 57453.9
23520 57486.9
23537.8 57469.4
23551.4 57473.6
23551.4 57447.2
23563.1 57444.2
23572.8 57444.7
23512.8 57367.2
23559.4 57338.9
23547.5 57333.6
23527.5 57330.8
23484.2 57306.4
23481.4 57287.2
23471.7 57299.7
23467.8 57308.3
23465.3 57310
23462.2 57308.6
23459.7 57311.1
23460 57314.2
23455 57312.8
23445.3 57321.7
23440 57320.6
23433.1 57318.6
23412.5 57305.3
23397.2 57243.3
23389.7 57313.9
23368.1 57308.6
23341.9 57311.4
23310 57321.9
23288.9 57328.9
23271.4 57328.9
23247.5 57317.2
23256.4 57299.7
23252.8 57340.6
23246.7 57373.6
23210 57338.6
23220 57332.8
23223.3 57333.9
23227.2 57329.4
23223.6 57323.1
23224.7 57322.2
23219.7 57314.4
23181.4 57296.7
23158.1 57301.9
23158.1 57298.9
23139.2 57312.2
23120.6 57283.1
23148.6 57206.7
23175 57200.8
23191.4 57211.7
23198.3 57206.7
23240.6 57195
23265.3 57210.3
23298.6 57168.6
23378.3 57188.3
23400.8 57178.6
23397.5 57216.7
23390.8 57216.7
23383.3 57210.8
23312.5 57230.8
23266.4 57267.8
23266.9 57278.3
23261.1 57282.2
23250.3 57286.1
23232.2 57286.9
23242.2 57301.7
23222.8 57302.8
23187.5 57317.2
23178.6 57318.1
23173.6 57318.3
23158.3 57339.2
23151.4 57341.1
23157.2 57347.8
23194.7 57371.1
23198.6 57373.1
23208.1 57381.4
23188.6 57386.4
23216.9 57402.5
23267.2 57397.5
23272.5 57456.7
23281.9 57464.4
23284.7 57469.2
23311.7 57478.9
23299.7 57529.4
23306.1 57531.1
23298.9 57534.7
23300.6 57545.3
23302.8 57550
23318.6 57576.7
23239.2 57535.3
23204.4 57525.6
23204.2 57511.4
23216.9 57505.3
23184.2 57490.8
23213.6 57459.4
23211.1 57455.3
23219.2 57441.4
23185.3 57411.7
23173.1 57430.6
23142.2 57447.2
23093.9 57430.6
23118.1 57449.7
23140.6 57471.9
23165.3 57483.6
23147.2 57517.5
23126.4 57520.6
23149.7 57529.4
23156.1 57540
23158.6 57545.6
23191.9 57557.5
23195.6 57557.5
23210.3 57555.3
23228.1 57559.4
23206.1 57562.5
23203.9 57562.2
23187.5 57563.9
23188.1 57574.2
23181.9 57607.2
23189.2 57610
23185 57613.1
23185 57618.6
23185.6 57626.1
23188.9 57631.7
23185.6 57636.7
23180.8 57654.4
23140.8 57666.1
23133.6 57672.8
23145.3 57673.9
23166.7 57683.3
23172.5 57670.6
23200 57679.4
23211.4 57673.1
23202.8 57661.9
23210.8 57662.2
23226.9 57645
23268.9 57700.6
23199.4 57721.4
23156.9 57741.4
23154.7 57738.1
23142.8 57734.7
23138.6 57734.7
23140 57741.9
23085.6 57739.4
23089.4 57735
23092.8 57730.6
23091.1 57724.4
23077.5 57709.7
23067.8 57695.6
23063.3 57680.8
23060 57701.1
23011.4 57701.1
22966.7 57683.3
22983.3 57666.7
23025.3 57667.8
23043.9 57670.3
23053.3 57658.9
23062.2 57666.1
23066.1 57663.3
23065.8 57659.7
23072.5 57662.5
23072.2 57666.7
23116.7 57650
23068.6 57640.8
23071.4 57601.9
23083.6 57611.1
22983.3 57583.3
23020.6 57522.2
23020 57536.4
23061.4 57572.8
23062.2 57569.2
23074.2 57550
23086.9 57555.6
23095.3 57564.4
23098.1 57553.3
23102.5 57556.9
23104.7 57558.9
23107.8 57559.2
23107.5 57563.6
23114.4 57577.5
23118.9 57577.5
23125.6 57568.1
23147.2 57602.5
23143.3 57564.4
23148.3 57559.2
23132.5 57560.3
23112.5 57541.1
23090.6 57521.9
23087.2 57517.8
23083.3 57516.7
23076.4 57535.8
23073.6 57538.6
23042.5 57448.1
23052.5 57410.3
23101.9 57310.8
23086.4 57298.1
23083.3 57300
23083.3 57280.8
23063.1 57264.7
23000 57316.7
22966.7 57300
22916.7 57316.7
22950 57283.3
22950 57266.7
22933.3 57266.7
22916.7 57250
22900 57250
22983.3 57150
23016.7 57166.7
23041.1 57142.8
22983.3 57133.3
22750 56966.7
22700 56833.3
22083.3 56000
20883.3 56116.7
20783.3 56150
20483.3 56250
20533.3 55933.3
20316.7 56166.7
20183.3 56033.3
19933.3 56316.7
20033.3 55600
19500 54866.7
18966.7 54783.3
18600 54883.3
18350 55166.7
18366.7 54933.3
18350 54700
18650 54083.3
18000 53966.7
17816.1 54284.2
17670 54033.3
17233.3 54033.3
17235.3 54048.3
17216.7 54050
17216.7 54033.3
17153.3 54021.9
17152.2 54021.4
17170.3 53993.6
17194.4 53993.3
17200 53983.3
17233.3 54000
17233.3 53966.7
17283.3 53966.7
17400 53916.7
17400 53900
17450 53700
17566.7 53716.7
17583.3 53683.3
17466.7 53516.7
17733.3 53550
17766.7 53533.3
17916.7 53516.7
18433.3 53133.3
17883.3 53050
17850 52983.3
17716.7 53066.7
17583.3 52550
17466.7 52833.3
17350 52816.7
17333.3 52783.3
17333.3 52750
17016.7 53000
16700 53233.3
16700 53250
16716.7 53300
16816.7 53316.7
16733.3 53333.3
16750 53416.7
17016.7 53683.3
16883.3 53783.3
16934.2 53992.5
17000 53983.3
17016.7 53983.3
17036.9 53982.8
17044.7 53972.8
17039.7 53966.7
17066.7 53950
17060.6 53974.7
17083.1 54031.7
17075 54042.2
17003.3 54037.8
16983.3 54016.7
16999.2 54053.3
17017.5 54082.8
16983.3 54116.7
17009.7 54163.1
17035 54209.4
17055.8 54227.2
17061.7 54231.9
17107.8 54263.6
17123.6 54256.4
17169.2 54216.7
17151.7 54199.4
17147.5 54195.3
17148.1 54179.7
17141.7 54162.5
17133.1 54158.9
17142.8 54133.1
17133.3 54116.7
17091.4 54123.6
17050 54133.3
17089.7 54064.7
17103.9 54029.7
17113.6 54027.2
17118.9 54015.6
17118.1 54009.7
17116.7 54000
17118.1 53981.1
17132.5 53972.8
17132.2 53994.7
17126.7 54002.8
17132.2 54005
17133.3 54016.7
17131.9 54021.7
17141.7 54044.2
17158.1 54043.1
17158.3 54049.2
17146.4 54057.5
17140.6 54066.9
17138.3 54077.2
17140.6 54082.8
17138.3 54085.6
17136.1 54091.9
17130.8 54101.7
17133.3 54100
17159.4 54082.2
17167.8 54084.2
17173.6 54083.6
17180.6 54087.8
17199.4 54088.6
17183.3 54109.7
17177.2 54133.1
17189.2 54133.9
17195.6 54135.3
17198.3 54141.4
17189.7 54159.2
17189.7 54185.3
17198.1 54211.9
17250 54250
17183.3 54250
17170.8 54246.1
17165.6 54262.8
17170.8 54261.1
17185.3 54272.2
17192.5 54318.9
17150 54316.7
17153.9 54312.8
17153.3 54303.3
17134.7 54276.7
17131.9 54277.8
17107.2 54321.7
17098.9 54327.2
17119.2 54333.9
17144.4 54347.8
17133.6 54353.3
17136.7 54383.3
17129.7 54385.6
17123.9 54400.6
17139.4 54399.7
17153.1 54380.8
17155.3 54381.7
17177.5 54370.3
17180 54365.8
17190.6 54365.3
17197.5 54376.7
17179.2 54383.9
17183.6 54390.8
17192.8 54406.9
17183.9 54414.2
17179.2 54415.8
17150 54416.7
17125 54430.6
17124.2 54435.3
17120.6 54435
17111.1 54455.3
17109.2 54426.1
17111.4 54407.2
17095.8 54396.7
17095 54385
17091.4 54383.3
17088.9 54385.3
17083.3 54376.9
17037.2 54403.6
17040.8 54431.4
17033.3 54450
17082.8 54436.7
17071.7 54465.3
17083.3 54466.7
17107.8 54490.8
17122.2 54481.4
17128.9 54456.9
17133.3 54450
17142.2 54446.7
17148.1 54431.7
17165.6 54436.9
17178.6 54446.9
17200 54466.7
17254.4 54496.4
17483.3 54550
17228.1 54603.6
17190.6 54533.1
17165.6 54543.1
17145.8 54539.2
17131.4 54541.7
17144.7 54580.6
17102.5 54593.3
17118.1 54555.3
17123.6 54540.3
17133.3 54516.7
17128.1 54509.2
17094.7 54510.3
17086.1 54508.6
17068.1 54540.8
17087.2 54581.1
17090 54604.2
17059.2 54596.7
17077.2 54619.4
17071.1 54629.4
16988.6 54692.2
17050 55066.7
17100 55116.7
17366.7 55283.3
17450 55250
17816.7 55666.7
17950 55683.3
18133.3 55266.7
18116.7 55633.3
18300 55966.7
18483.3 56050
17933.3 56333.3
18083.3 56483.3
18116.7 56533.3
18200 56550
18316.7 56600
18466.7 56450
18650 56533.3
19000 56916.7
19100 56966.7
19650 57700
19800 57716.7
19833.3 57750
20050 57733.3
20466.7 58050
20616.7 58200
21066.7 58350
20848.3 58733.9
20658.9 58870.3
20600 58850
20599.2 58854.2
20560.3 58840.6
20566.7 58816.7
20548.3 58807.5
20509.2 58785.3
20466.7 58783.3
20461.7 58781.9
20433.3 58766.7
20416.7 58750
20416.7 58733.3
20350 58683.3
20300 58633.3
20250 58733.3
20366.7 58783.3
20405.8 58788.9
20400 58816.7
20421.9 58816.9
20466.7 58900
20477.8 58898.6
20516.7 58950
20521.4 58944.7
20546.4 58936.4
20559.2 58931.4
20590.8 58904.7
20666.7 58883.3
21100 58883.3
21250 59050
21400 59283.3
21700 58633.3
21600 58650
21583.3 58616.7
21400 58400
21283.3 58233.3
21016.7 58016.7
20550 57516.7
20616.7 56933.3
20616.7 56616.7
20683.3 56500
20883.3 56516.7
20950 56766.7
21500 57333.3
22383.3 57533.3
22500 57083.3
22616.7 57300
22716.7 57233.3
22683.3 57283.3
22666.7 57283.3
22650 57333.3
22666.7 57350
22783.3 57433.3
22766.7 57483.3
22766.7 57516.7
22783.3 57600
22766.7 57633.3
22766.7 57666.7
22766.7 57750
22766.7 57850
22783.3 57850
22783.3 57816.7
22783.3 57800
22816.7 57750
22800 57716.7
22783.3 57666.7
22800 57583.3
22816.7 57533.3
22850 57466.7
22866.7 57516.7
22883.3 57533.3
22933.3 57533.3
22950 57533.3
22966.7 57550
22933.3 57600
22950 57650
22950 57666.7
22933.3 57666.7
22916.7 57716.7
22883.3 57750
22900 57766.7
22933.3 57766.7
22933.3 57783.3
22983.3 57783.3
23003.3 57776.7
23094.2 57756.4
23096.1 57758.6
23126.4 57753.9
23141.1 57755.8
23152.2 57776.9
23283.3 57833.3
23287.8 57830.3
23360.6 57653.3
23355 57632.5
23380 57662.8
23381.9 57660.8
23389.4 57662.8
23399.4 57663.1
23432.5 57635
23450 57600
23455.6 57592.2
23507.8 57552.5
23561.4 57556.7
23483.9 57594.4
23483.3 57600
23445.8 57632.8
23444.4 57653.9
23438.1 57671.1
23447.2 57661.7
23455 57662.8
23461.4 57665
23468.1 57660.8
23465.6 57666.1
23462.5 57674.4
23484.4 57687.2
23444.2 57700.3
23396.4 57767.2
23444.4 57804.4
23418.9 57811.7
23394.4 57831.4
23389.2 57837.2
23376.7 57822.5
23496.1 57830.8
23512.2 57844.7
23455.8 57888.3
23488.1 57918.6
23507.5 57918.6
23492.8 57949.4
23652.5 57893.9
23595 57993.1
23575.3 58032.2
23550.3 58022.2
23492.8 58042.2
23490.6 58045.3
23567.8 58123.3
23487.8 58104.4
23479.7 58085
23467.5 58101.4
23456.1 58103.1
23443.6 58097.8
23450.8 58112.8
23444.2 58127.8
23433.9 58117.8
23430 58131.1
23417.5 58146.9
23416.4 58135.6
23412.5 58131.1
23398.6 58137.8
23406.4 58126.4
23416.7 58100
23425.6 58095
23412.2 58090
23386.9 58100.3
23370 58109.4
23373.6 58143.3
23331.7 58226.1
23323.9 58225.8
23296.4 58225.3
23300 58216.7
23330.6 58122.5
23344.2 58093.1
23374.4 58088.9
23366.7 58050
23356.1 58047.8
23355.8 58038.3
23311.4 58041.7
23307.8 58060.8
23316.1 58074.4
23298.6 58061.7
23284.2 58040.8
23302.8 58042.8
23301.4 58032.2
23305.6 58029.7
23310.6 58023.1
23310.8 58018.3
23309.4 58014.4
23313.9 58011.4
23314.2 58006.1
23312.8 58004.4
23312.5 58006.7
23315.8 58008.6
23316.7 58016.7
23318.6 58019.2
23351.7 58016.9
23373.1 57972.8
23327.2 57950.6
23324.4 57939.4
23303.9 57981.7
23305.8 57987.5
23308.9 57992.5
23311.7 57994.4
23307.2 58000.3
23301.7 57986.4
23300 57983.3
23301.1 57980
23297.2 57981.7
23293.6 57979.2
23298.1 57977.8
23296.7 57975.3
23292.2 57975.6
23288.1 57970.6
23287.8 57920
23279.7 57922.2
23215 57872.5
23176.9 57911.1
23165.6 57926.9
23174.2 57867.8
23178.6 57866.1
23166.9 57849.2
23161.7 57858.1
23146.1 57851.4
23139.7 57843.6
23150 57816.7
23118.1 57836.7
23107.2 57819.7
23100 57833.3
23104.4 57835.3
23108.1 57836.4
23116.7 57916.7
23101.7 57910
23073.3 57925.8
23083.3 57933.3
23077.8 57944.7
23065.8 57950
23062.5 57948.1
23060 57954.4
23054.7 57956.1
23045.6 57961.9
23026.4 57982.8
22966.7 57916.7
22950 57900
22900 57916.7
22883.3 57933.3
22850 57966.7
22900 58016.7
22886.1 58013.6
22803.9 58025
22808.1 57997.8
22800 58000
22776.7 58012.5
22766.7 58016.7
22720.6 57996.4
22666.7 57983.3
22666.7 58033.3
22626.7 58006.4
22616.1 57998.3
22615.8 58040.8
22577.5 58023.6
22558.9 58027.2
22552.2 58004.2
22505.3 58021.1
22498.6 58028.6
22473.9 58017.2
22466.7 57966.7
22447.2 58019.2
22428.6 58017.8
22410.3 58026.1
22374.7 58011.9
22370.3 58059.4
22299.4 58070
22168.6 58039.7
22382.2 58212.8
22522.5 58158.9
22516.7 58150
22502.2 58114.7
22525 58123.9
22538.6 58118.1
22569.2 58120
22580.3 58130.6
22545 58176.9
22563.6 58192.8
22572.8 58192.8
22602.5 58182.8
22626.4 58148.6
22615.3 58137.5
22660 58042.2
22714.2 58171.7
22817.8 58155.8
22816.7 58150
22797.8 58127.2
22861.4 58057.2
22912.2 58078.6
22918.6 58078.1
22927.5 58078.3
22921.9 58073.3
22923.6 58054.4
22911.7 58046.9
22898.9 58023.9
22945.6 58020.6
22993.9 58022.5
23016.1 58022.2
23028.1 58011.9
23021.7 57993.1
23046.7 57988.9
23063.6 58070.6
23088.9 58040.8
23098.3 58036.9
23210 58083.1
23217.2 58077.2
23227.2 58080
23229.7 58070.3
23235.6 58077.5
23233.6 58079.7
23251.1 58090.3
23251.1 58101.1
23236.9 58118.3
23219.4 58138.1
23261.9 58230.6
23239.7 58234.2
23233.3 58233.3
23119.7 58216.7
23091.7 58236.7
23011.7 58224.7
23022.5 58211.4
23041.4 58197.5
23084.2 58153.9
23090.8 58104.7
23051.1 58085.8
23042.8 58091.9
23056.4 58133.9
23016.9 58147.8
22841.9 58168.9
22831.7 58168.1
22876.9 58206.4
22883.3 58216.7
22975.6 58255.6
22961.1 58277.5
22966.7 58300
22969.4 58295.3
22985.8 58293.6
22978.6 58270.8
23033.6 58278.9
23042.5 58314.2
23125.3 58314.2
23181.4 58318.9
23152.8 58314.4
23119.2 58318.1
23107.8 58305.3
23105.8 58306.9
23107.2 58353.3
23121.1 58361.4
23135 58396.9
23137.2 58401.4
23140.3 58413.9
23101.7 58454.4
23123.6 58463.3
23114.4 58476.4
23115.6 58513.1
23112.5 58516.1
23119.2 58532.8
23118.1 58541.7
23107.2 58561.1
23103.3 58567.8
23104.2 58580.6
23098.3 58573.6
23084.4 58567.8
23046.1 58514.7
23041.1 58544.2
23076.1 58570.3
23071.7 58610.6
23070.3 58614.4
23066.7 58616.7
23081.9 58725.3
23040.8 58701.7
23047.5 58688.1
23046.9 58661.1
23045.8 58654.7
23050.6 58623.9
23048.1 58623.1
23052.5 58615.8
23046.1 58608.6
23030.8 58583.1
22983.3 58566.7
22966.7 58566.7
22966.7 58550
22983.3 58550
22981.1 58535.6
22978.6 58521.7
22987.5 58510.8
22995.6 58473.9
22986.9 58472.2
22896.4 58420.6
22764.2 58501.1
22728.3 58531.9
22716.7 58516.7
22712.2 58509.4
22705.3 58528.1
22690.3 58546.9
22683.3 58533.3
22683.3 58516.7
22633.3 58533.3
22633.3 58550
22724.2 58651.9
22733.3 58650
22755 58654.2
22759.2 58651.1
22766.7 58666.7
22733.3 58683.3
22633.3 58666.7
22612.5 58668.3
22583.6 58683.1
22550 58666.7
22550.6 58686.4
22566.7 58700
22598.6 58826.4
22500.8 58743.9
22451.9 58794.4
22450 58800
22433.3 58783.3
22435.6 58800.6
22446.1 58813.1
22393.3 58853.1
22420.3 59151.4
22470.3 59106.7
22478.3 59126.1
22509.7 59122.2
22546.9 59128.1
22549.7 59120.3
22558.9 59108.3
22567.8 59111.4
22566.7 59100
22590.3 59090.8
22603.1 59085
22614.4 59092.5
22731.7 59162.2
22656.7 59215.3
22645 59252.8
22646.9 59261.4
22647.8 59272.2
22642.2 59287.5
22640.3 59290.6
22635.3 59307.2
22617.2 59295
22599.7 59268.9
22588.3 59286.4
22568.1 59290.8
22550.6 59328.1
22539.4 59381.1
22513.3 59341.1
22449.2 59374.2
22428.6 59410.3
22430.8 59385.3
22427.8 59361.1
22407.5 59325.6
22398.9 59324.7
22421.4 59252.5
22399.7 59248.6
22416.1 59178.1
22243.1 59215.6
22219.7 59202.5
22192.8 59221.4
22163.6 59235
22140.6 59161.4
22081.7 59279.7
22109.7 59382.5
22126.1 59405
22118.1 59403.1
22016.1 59324.2
22005.8 59354.7
22021.1 59445.8
22027.2 59445.6
22069.7 59471.9
22036.9 59477.8
22032.2 59490.3
21850 59566.7
22014.2 59661.4
22050 59633.3
22110.8 59609.7
22129.4 59624.2
22166.9 59653.6
22261.9 59693.9
22085.3 59685.6
22119.7 59715.3
22128.9 59721.1
22179.2 59764.2
22226.4 59799.2
22293.1 59820.6
22437.8 59828.6
22448.6 59828.1
22523.1 59788.9
22473.6 59763.1
22491.9 59718.3
22557.8 59617.2
22566.9 59542.8
22566.7 59528.9
22568.9 59522.2
22580 59511.1
22579.2 59500.3
22549.2 59521.4
22528.6 59528.9
22545.6 59506.4
22559.2 59477.2
22496.4 59396.4
22519.7 59410
22603.3 59465.3
22611.7 59468.1
22631.1 59437.5
22700.8 59370
22650.3 59347.8
22676.4 59310.8
22801.4 59243.6
22822.2 59261.1
22827.2 59256.1
22828.3 59258.3
22830.8 59254.7
22839.2 59248.1
22833.1 59233.1
22830.8 59225
22798.6 59232.2
22792.5 59230.6
22785.8 59228.9
22770.8 59213.6
22750.6 59175.6
22799.7 59176.4
22806.9 59174.4
22785.8 59139.2
22784.2 59138.9
22792.5 59121.4
22831.1 58990.3
22899.4 59085.8
22938.3 59133.9
22894.2 59165
22889.2 59184.2
22926.7 59211.9
22992.2 59138.3
23016.7 59116.7
23079.7 59054.7
23177.2 58986.9
23182.8 58989.7
23187.2 58982.8
23205.6 58965.6
23209.4 58977.5
23201.7 58986.1
23196.9 58989.2
23183.3 59000
23071.7 58992.5
23066.1 58985.8
23055.3 58980.8
23050 58983.3
23045 58982.2
23032.5 58991.4
23006.7 59009.7
22906.7 58883.1
22911.7 58880.8
22880.6 58775
22950 58816.7
22966.7 58800
22983.3 58783.3
23019.4 58740
23024.4 58743.1
23074.2 58866.1
23040 58933.3
23044.2 58940.8
23049.7 58928.1
23060.8 58911.9
23077.5 58871.1
23083.6 58866.7
23087.2 58861.4
23091.7 58862.5
23088.1 58853.1
23105.3 58847.8
23148.6 58830.3
23175.3 58814.2
23158.3 58854.2
23169.4 58922.2
23201.4 58953.3
23219.4 58914.7
23236.7 58896.9
23240.3 58901.4
23239.4 58910.8
23246.4 58917.2
23262.8 58916.1
23265.8 58923.1
23271.9 58907.8
23263.9 58903.1
23259.4 58884.7
23255 58787.5
23260 58782.2
23243.9 58764.7
23258.3 58720.3
23271.4 58751.7
23278.9 58752.5
23316.7 58733.3
23322.2 58741.4
23352.5 58722.2
23371.4 58640.6
23359.2 58579.2
23341.9 58581.1
23333.9 58578.1
23330.6 58581.7
23328.3 58595.6
23299.7 58598.9
23287.8 58604.4
23264.7 58626.4
23236.1 58707.2
23237.8 58722.5
23207.8 58685.3
23226.1 58676.1
23194.2 58606.1
23183.9 58598.6
23203.9 58585.3
23216.7 58566.7
23232.8 58569.4
23250 58583.3
23261.9 58591.1
23245.8 58557.2
23244.4 58531.9
23293.6 58530.3
23344.2 58551.7
23366.1 58532.8
23375.8 58515
23399.7 58516.4
23398.1 58522.8
23431.4 58552.2
23435.3 58562.5
23450 58583.3
23508.3 58646.9
23471.7 58674.4
23392.2 58752.8
23435.6 58781.1
23501.4 58732.5
23514.7 58700.3
23526.7 58665
23551.4 58642.8
23561.1 58630
23570 58613.9
23593.9 58601.7
23596.1 58596.7
23604.2 58596.9
23613.3 58593.3
23620 58590.3
23619.7 58578.9
23588.6 58560.6
23575.6 58548.1
23590.6 58550
23603.3 58554.7
23612.8 58564.4
23616.7 58566.7
23617.2 58566.9
23632.8 58561.7
23622.8 58550.8
23630.8 58543.6
23629.2 58525.6
23614.4 58538.9
23600 58533.3
23600 58516.7
23603.3 58501.7
23611.1 58456.9
23533.3 58516.7
23524.7 58506.7
23524.2 58497.5
23495.6 58501.7
23551.7 58409.7
23589.2 58405.6
23600.6 58376.4
23549.7 58404.4
23541.7 58405.3
23536.4 58401.4
23531.7 58389.4
23529.4 58388.6
23531.4 58381.7
23516.7 58350
23534.2 58342.5
23528.3 58333.6
23510.8 58338.6
23484.7 58347.5
23482.2 58328.1
23463.3 58301.7
23462.8 58297.8
23455.8 58304.7
23458.3 58298.3
23468.9 58276.9
23464.7 58268.3
23458.6 58225.8
23450.3 58218.3
23439.7 58208.3
23486.1 58200.3
23525.8 58185.6
23539.2 58188.6
23563.6 58250
23614.2 58250.6
23632.8 58248.1
23680.3 58182.5
23675.8 58141.9
23690 58106.1
23702.8 58070.6
23698.6 58037.2
23700.6 58036.4
23705.6 58015
23687.5 57983.6
23704.2 57932.2
23706.7 57905.6
23709.2 57886.9
23720.3 57857.2
23733.3 57833.3
23712.5 57834.2
23711.7 57802.2
23715.8 57783.1
23718.6 57760.3
23727.5 57744.2
23733.3 57750
23769.2 57765.3
23740.6 57734.7
23739.7 57680.8
23771.1 57676.9
23756.9 57652.2
23763.3 57651.7
23770.8 57647.2
23771.1 57634.7
23774.7 57639.7
23778.1 57644.2
23780.3 57635.3
23784.2 57616.4
23786.4 57612.8
23788.3 57604.7
23793.6 57588.1
23774.2 57618.3
23746.9 57620.3
23708.9 57605.3
23749.7 57564.4
23766.7 57550
23808.3 57549.2
23790.6 57537.2
23784.7 57522.2
23796.7 57502.5
23796.1 57495.8
23803.1 57490.8
23824.2 57508.6
23833.3 57500
23833.3 57491.4
23825.3 57484.7
23831.1 57475
23802.2 57476.9
23816.4 57471.4
23828.1 57451.1
23833.6 57448.1
23839.4 57428.3
23849.4 57438.6
23850.3 57433.1
23853.3 57426.7
23856.7 57413.6
23860 57406.7
23850 57400
23825.3 57413.1
23802.5 57399.2
23844.4 57382.2
23855.3 57382.5
23859.2 57397.8
23862.5 57393.3
23867.2 57373.6
23857.5 57373.9
23853.9 57361.9
23850.3 57359.2
23860.3 57359.2
23870.6 57362.5
23879.2 57340.6
23881.1 57335.6
23883.3 57316.7
23890 57299.4
23895.6 57281.7
23897.5 57276.7
23899.7 57270.6
23900 57266.7
23881.1 57263.6
23883.3 57300
23858.6 57338.1
23833.6 57355
23829.7 57355.6
23619.4 57266.7
23611.1 57251.9
23598.1 57241.1
23576.7 57214.2
23575.3 57207.2
23554.2 57230.6
23550 57233.3
23545 57212.8
23518.6 57224.2
23505 57189.2
23530.6 57190.6
23565 57182.8
23652.5 57216.7
23639.7 57193.1
23657.2 57157.8
23610.8 57138.6
23636.9 57117.2
23650 57090
23678.9 57068.9
23762.2 57114.7
23779.7 57148.3
23796.9 57159.2
23805.3 57141.7
23791.4 57111.1
23820.3 57120
23908.3 57245.6
23906.7 57249.7
23904.4 57250.8
23895.3 57236.1
23916.7 57216.7
23933.3 57183.3
23927.8 57169.2
23944.2 57160.8
23949.2 57149.4
23963.9 57127.5
23943.3 57122.2
23958.9 57107.8
23964.4 57074.4
23968.6 57075.3
23970.3 57078.9
23981.1 57104.4
23991.1 57093.3
23985.8 57073.3
24003.6 57079.7
24016.7 57083.3
24012.2 57069.4
24016.1 57061.7
24023.9 57053.1
24037.5 57037.2
24051.9 57015
24054.4 57011.1
24057.2 57006.7
24061.9 57000
24074.2 56984.4
24079.4 56978.3
24004.2 56976.9
23870.8 56908.9
23918.1 57021.1
23838.9 57097.8
23783.9 57037.2
23783.3 57033.3
23759.7 57022.8
23809.4 56982.2
23750 56966.7
23736.9 57044.2
23720.3 57035
23700 57024.7
23665 56926.1
23621.1 56939.2
23626.9 56952.8
23616.4 56956.9
23516.7 56916.7
23496.1 56830.6
23473.1 56888.6
23450 56883.3
23403.3 56887.2
23388.6 56914.4
23383.3 56918.9
23374.4 56961.9
23372.5 56949.7
23378.9 56877.5
23384.7 56870.6
23400 56860
23416.7 56783.3
23423.3 56762.5
23421.1 56724.2
23435.3 56741.1
23450 56783.3
23465.8 56794.4
23548.3 56781.1
23633.3 56800
23636.7 56804.4
23683.3 56900
23703.1 56908.1
23716.1 56888.6
23716.7 56900
23716.1 56905
23721.4 56904.7
23754.7 56928.3
23790.8 56873.1
23766.9 56849.4
23764.2 56795.3
23760 56779.2
23733.3 56766.7
23688.1 56755.6
23701.9 56752.2
23800 56766.7
23808.6 56771.4
23843.3 56782.5
23888.9 56734.4
23919.4 56756.4
23918.1 56729.7
23915.8 56714.2
23920.8 56694.7
23916.7 56666.7
23850 56683.3
23883.3 56650
23860.3 56641.7
23831.1 56629.2
23792.2 56695.3
23783.6 56718.6
23752.5 56683.6
23762.5 56679.7
23767.8 56670
23764.4 56661.1
23768.6 56649.4
23779.7 56621.1
23769.2 56630
23643.9 56644.4
23581.4 56645.8
23540.3 56695
23471.9 56656.1
23466.7 56650
23535.8 56546.7
23564.2 56531.9
23585.6 56540.8
23622.8 56487.8
23701.4 56510.8
23680.6 56542.8
23687.8 56551.4
23783.3 56600
23814.7 56613.1
23820.3 56608.6
23844.4 56565.8
23855.3 56556.1
23896.4 56565
23919.4 56565.8
23940.3 56564.4
23932.8 56550.6
23920.8 56553.3
23884.2 56536.7
23902.5 56523.3
23984.2 56489.7
23988.3 56485.8
23984.7 56494.2
24004.4 56510.6
24048.9 56566.9
23993.1 56650.6
24011.7 56696.1
24007.5 56741.4
24015 56752.8
24045.3 56783.6
24072.2 56781.7
24117.2 56800
24180.3 56815
24157.2 56838.9
24169.4 56864.4
24136.7 56878.6
24074.4 56945.8
24090.6 56964.7
24111.4 56941.1
24122.2 56928.6
24142.2 56910.3
24158.6 56898.3
24166.7 56900
24164.2 56893.9
24168.6 56886.7
24172.2 56888.6
24200 56883.3
24196.1 56874.2
24191.1 56876.4
24174.2 56861.7
24187.8 56861.1
24210.6 56861.1
24206.4 56850
24223.6 56850.6
24227.8 56847.2
24222.2 56831.7
24215.8 56827.5
24235.8 56825.3
24242.2 56835.3
24272.5 56814.2
24284.2 56805.6
24306.4 56790.3
24315.8 56784.2
24317.8 56782.2
24334.7 56770
24340.8 56765.6
24346.7 56760.8
24354.7 56754.2
24368.9 56743.9
24376.4 56738.1
24364.2 56718.6
24395.6 56725.3
24394.7 56690
24395.8 56670.3
24411.1 56704.7
24415.6 56701.4
24416.7 56700
24422.2 56691.9
24434.2 56678.1
24440.3 56672.8
24456.4 56653.6
24444.2 56648.6
24435.6 56646.4
24446.1 56633.1
24469.2 56603.6
24479.2 56595
24492.2 56586.7
24495.6 56588.6
24525 56597.2
24550 56566.7
24577.5 56560.3
24582.8 56556.4
24590.8 56550
24595.6 56547.2
24605.3 56541.7
24612.5 56537.8
24632.2 56528.1
24636.1 56526.1
24642.5 56521.7
24656.7 56515.3
24659.7 56512.8
24671.7 56505.3
24669.7 56488.1
24659.2 56494.2
24623.9 56522.8
24540.3 56564.7
24536.1 56565.6
24516.7 56566.7
24498.9 56577.8
24450 56566.7
24428.1 56611.1
24416.1 56582.2
24401.7 56576.1
24330 56513.1
24366.7 56416.7
24510.6 56458.3
24508.6 56445.3
24522.8 56399.4
24580.8 56390
24694.4 56467.8
24714.4 56457.5
24725 56455.3
24743.3 56465.8
24750 56466.7
24752.5 56456.1
24795.8 56447.2
24808.9 56438.9
24825.8 56433.3
24841.7 56417.2
24854.4 56403.3
24880.3 56408.1
24931.9 56385
24975.8 56365.6
25636.4 56166.9
25641.9 56165.8
25646.1 56164.4
25649.7 56177.2
25653.1 56179.2
25657.2 56187.8
25663.9 56171.1
25665.8 56166.4
25672.8 56176.9
25679.4 56188.6
25698.6 56208.1
25719.7 56206.9
25768.3 56196.9
25753.1 56172.5
25766.7 56150
25776.4 56151.7
25783.6 56150.6
25793.3 56148.3
25778.3 56196.1
25770.6 56216.1
25791.9 56219.2
25793.9 56205.8
25863.1 56218.6
25848.3 56171.7
25875.8 56173.1
25878.3 56178.1
25899.7 56183.9
25934.7 56198.3
26008.1 56204.7
26010 56205.8
26009.7 56217.2
26018.6 56220
26030.3 56209.4
26026.1 56227.5
26031.9 56228.1
26048.6 56219.7
26035.3 56197.8
26048.6 56195.3
26058.6 56172.2
26072.5 56164.7
26093.3 56175.3
26091.1 56170.3
26089.7 56168.3
26081.4 56166.4
26069.4 56155.6
26071.1 56109.7
26099.4 56145.8
26101.7 56149.7
26105.6 56156.9
26106.9 56150.6
26109.2 56128.1
26125.6 56132.8
26143.1 56152.8
26162.2 56170.3
26172.5 56179.7
26217.5 56185.8
26231.9 56205.6
26228.1 56215.3
26208.9 56212.8
26209.2 56219.4
26201.7 56215.3
26192.2 56223.3
26176.4 56226.9
26177.8 56216.1
26170.6 56209.4
26171.1 56207.8
26158.6 56202.8
26130.3 56203.6
26129.4 56229.7
26130.6 56230.6
26131.4 56231.4
26134.4 56240.3
26118.1 56260.8
26145.3 56286.7
26146.4 56291.1
26151.7 56276.7
26148.6 56270.6
26153.6 56261.7
26165.3 56277.8
26174.2 56276.4
26179.2 56275.6
26183.3 56300
26189.2 56279.2
26196.4 56279.4
26197.8 56285
26207.5 56275.3
26197.8 56257.8
26191.7 56243.6
26179.2 56256.1
26177.5 56268.6
26161.4 56246.1
26167.5 56231.4
26151.4 56223.9
26139.4 56218.3
26134.7 56193.6
26136.7 56188.3
26129.7 56188.9
26126.1 56187.5
26127.2 56183.9
26120.8 56183.1
26120.3 56183.1
26115.6 56186.4
26096.9 56195.3
26093.3 56182.2
26089.7 56184.7
26081.7 56187.2
26077.5 56189.7
26077.8 56192.2
26069.7 56207.2
26074.2 56215
26089.7 56204.4
26093.9 56202.2
26102.8 56210
26092.8 56211.4
26093.9 56226.7
26093.6 56230.8
26096.1 56239.2
26095 56259.4
26085.6 56264.7
26082.8 56288.6
26105.3 56298.9
26097.8 56329.4
26105.8 56331.7
26119.2 56336.1
26129.4 56315.3
26124.4 56313.6
26149.2 56305.8
26151.9 56327.8
26160.8 56328.1
26165 56335.8
26180.6 56316.9
26184.4 56327.5
26219.7 56340
26239.7 56317.5
26250.3 56351.4
26247.8 56368.9
26242.8 56383.1
26252.2 56374.4
26275.3 56369.7
26280.6 56357.2
26310.6 56357.2
26333.3 56367.8
26371.4 56358.6
26343.6 56379.7
26336.9 56410.8
26317.2 56500.8
26312.2 56450
26310.8 56440.8
26309.4 56417.8
26310.8 56413.3
26293.3 56419.2
26283.3 56395
26260.3 56393.6
26231.7 56410
26198.3 56373.1
26189.4 56358.9
26155.8 56418.3
26187.8 56418.1
26208.1 56418.9
26195 56435.3
26203.3 56441.4
26218.1 56458.6
26195.6 56474.2
26161.9 56437.5
26085.3 56438.3
26013.9 56406.4
25941.7 56425.3
25932.8 56408.6
25944.2 56413.3
25969.7 56400.3
25977.2 56330
26045 56329.2
26039.2 56345
26032.8 56352.5
26028.3 56360.8
26040 56360.3
26023.9 56385.3
26017.5 56393.1
26032.8 56387.5
26039.4 56388.3
26050 56377.2
26051.9 56378.9
26056.1 56368.1
26083.1 56410.3
26092.8 56399.7
26086.9 56379.4
26093.9 56365.3
26077.5 56343.3
26082.8 56343.6
26085.6 56337.8
26083.3 56332.2
26064.4 56305.6
26048.9 56296.7
26055.3 56270.8
26065.8 56241.7
26045 56247.2
26034.2 56279.4
26008.3 56274.7
26004.4 56267.5
26016.7 56245
25843.9 56248.6
25810.6 56241.4
25809.4 56248.9
25790.6 56247.2
25777.5 56244.4
25770.6 56275.6
25775 56280.3
25811.4 56316.9
25815.8 56311.9
25813.9 56305.6
25822.8 56286.4
25857.8 56286.1
25843.1 56326.7
25838.9 56341.7
25889.4 56345.8
25861.7 56377.5
25860.3 56371.7
25858.6 56367.2
25809.4 56359.4
25785.8 56333.1
25757.5 56319.4
25742.2 56287.2
25718.1 56226.7
25700.8 56273.1
25674.4 56264.2
25656.4 56262.2
25655.6 56268.6
25635.6 56265.6
25618.9 56246.1
25616.4 56233.9
24908.1 56298.9
24870.3 56325.3
24777.8 56289.7
24701.4 56288.1
24633.1 56287.8
24534.4 56278.6
24522.2 56277.5
24529.2 56293.6
24514.2 56359.4
24466.7 56333.3
24450 56283.3
24383.3 56316.7
24366.7 56316.7
24366.7 56333.3
24366.7 56350
24350 56366.7
24266.7 56366.7
24250 56316.7
24216.7 56350
24216.7 56333.3
24200 56250
24200 56233.3
24200 56266.7
24183.3 56300
24183.3 56316.7
24200 56350
24150 56400
24150 56416.7
24150 56433.3
24100 56416.7
24066.7 56383.3
24066.7 56416.7
24100 56433.3
24100 56450
24083.3 56466.7
24016.7 56466.7
23983.6 56410
23955.8 56438.9
23933.9 56420
23894.4 56444.4
23883.9 56420.8
23875.8 56412.5
23900 56400
23907.5 56405.6
23924.2 56402.5
23927.2 56411.4
23929.2 56392.8
23946.1 56390.8
23933.1 56347.8
23878.3 56376.1
23879.2 56382.2
23861.7 56374.2
23818.6 56396.4
23856.1 56349.7
23840.8 56343.6
23846.7 56189.7
23932.5 56195
23924.2 56233.6
23933.3 56233.3
24000 56250
24016.7 56250
24033.3 56216.7
24083.3 56250
24133.3 56216.7
24133.3 56200
24050 56166.7
24033.3 56166.7
24033.3 56150
24033.3 56100
24083.3 56116.7
24100 56116.7
24173.3 55960
24201.1 55958.6
24248.6 55959.7
24356.7 55997.8
24366.7 56033.3
24300 56116.7
24266.7 56150
24316.7 56133.3
24316.7 56116.7
24366.7 56083.3
24466.7 56066.7
24483.3 56066.7
24533.3 56083.3
24548.9 56101.4
24548.9 56105.3
24553.1 56151.9
24656.7 56115.6
24694.4 56163.6
24723.6 56181.9
24767.2 56220.3
24800 56233.3
24751.7 56178.9
24758.3 56173.6
24760.6 56172.5
24762.8 56168.9
24794.7 56011.1
24666.9 56050.3
24629.2 56077.2
24617.2 56026.9
24621.9 56019.4
24666.7 55929.2
24555.6 55843.1
24449.4 55909.7
24500.3 55970.6
24550 55983.3
24564.4 55985.3
24573.3 56016.9
24500.3 55990
24433.3 56050
24400 56033.3
24383.3 56050
24383.3 56033.3
24399.4 55969.7
24371.4 55924.4
24251.9 55848.1
24250 55783.9
24255.8 55772.2
24249.2 55758.9
24250 55750
24238.6 55767.8
24000 55983.3
23973.9 55843.6
23979.7 55836.1
23987.8 55823.9
23972.5 55828.9
23947.5 55819.7
23748.1 55550.6
23725.6 55528.9
23718.3 55506.9
23606.1 55931.1
23607.2 55958.6
23612.5 55969.7
23548.1 56244.7
23550.8 56257.5
23565.8 56267.5
23667.2 56241.9
23687.2 56255.6
23751.4 56228.9
23752.2 56213.9
23700 56266.7
23696.4 56265.3
23654.4 56333.6
23666.7 56366.7
23666.1 56372.5
23631.9 56443.6
23516.7 56500
23500 56516.7
23500 56483.3
23506.4 56465
23508.1 56451.1
23541.1 56372.8
23546.4 56363.1
23548.3 56360.3
23550.3 56356.9
23535.6 56325.3
23530 56312.2
23541.1 56303.3
23552.5 56280.8
23450.8 56208.3
23449.2 56220
23447.5 56222.2
23441.4 56228.6
23435.6 56234.7
23422.2 56246.4
23417.2 56277.8
23401.9 56283.1
23317.5 56316.1
23354.7 56354.7
23325.8 56386.7
23229.4 56458.3
23224.7 56473.6
23222.5 56461.7
23212.8 56429.7
23191.4 56435.8
23143.9 56451.9
23144.7 56466.9
23179.2 56480.6
23204.7 56524.7
23236.4 56504.4
23242.8 56516.7
23256.4 56508.6
23271.4 56527.5
23280.3 56536.4
23288.9 56547.2
23431.4 56626.7
23433.3 56633.3
23311.9 56614.7
23297.8 56618.6
23310 56627.8
23291.4 56658.9
23279.2 56698.9
23252.8 56746.4
23083.3 56816.7
23135.8 56894.7
23168.3 56909.2
23283.6 56893.6
23281.9 56922.8
23208.3 56959.7
23167.8 56942.8
23137.8 56924.4
23113.6 56933.3
23070.3 56965.8
23060.6 56982.2
23050 56983.6
23061.1 57000.8
23066.7 57034.2
23100 57050
23105.3 57069.2
23150 57000
23183.3 57016.7
23185.8 57018.3
23137.8 57085.6
23130.3 57083.6
23079.7 57106.4
23059.4 57130
23071.9 57131.1
23100 57161.7
23170.3 57152.2
23216.1 57148.1
23233.9 57129.7
23229.4 57061.4
23229.7 57046.7
23214.7 57013.6
23224.2 57037.5
23234.2 57039.4
23252.5 57045.3
23294.7 57008.3
23312.8 57031.1
23321.9 57028.1
23332.2 57028.3
23350 57026.7
23392.8 56985.3
23395.8 56984.4
23399.4 56997.5
