11973.1 43026.1
11785.3 42884.4
11751.1 42814.4
11822.8 42673.6
11846.9 42660.6
11770.3 42651.9
11690.6 42686.7
11522.2 42841.9
11503.1 42855.3
11569.4 43136.7
11583.3 43150
11595 43148.1
11600 43150
11461.1 43252.8
11485.6 43187.2
11423.9 43000.3
11416.7 42983.3
11310.3 42929.4
11297.5 42853.3
11183.3 42933.3
11133.3 42885.8
11155.8 42712.5
11108.6 42373.9
11003.6 42102.5
11438.3 42057.2
11511.4 42106.4
11715.8 41836.1
12058.3 42195.6
12149.4 42477.5
12300 42433.3
12372.8 42711.4
12421.7 42895.6
12645 42973.3
12355.8 43156.4
12363.3 43189.2
12386.7 43334.7
12286.9 43355.6
11963.1 43290.6
11973.1 43026.1
